0.0	0.0
0.025	0.220087717931
0.05	0.432662601636
0.075	0.630499940292
0.1	0.806940197833
0.125	0.956144345688
0.15	1.07331766498
0.175	1.154893418
0.2	1.1986693308
0.225	1.20389164253
0.25	1.17128349177
0.275	1.10301654926
0.3	1.00262698785
0.325	0.874879018877
0.35	0.725581239821
0.375	0.561362851102
0.4	0.389418342309
0.425	0.217230459727
0.45	0.0522821017461
0.475	-0.0982317858406
0.5	-0.227681242582
0.525	-0.330256607629
0.55	-0.401192303581
0.575	-0.43695048972
0.6	-0.435357526605
0.625	-0.395688007463
0.65	-0.318693126775
0.675	-0.206572295575
0.7	-0.0628890939489
0.725	0.107565209644
0.75	0.298955327658
0.775	0.50462575333
0.8	0.7173560909
0.825	0.929638104263
0.85	1.13396383751
0.875	1.32311373526
0.9	1.49043369081
0.925	1.6300903755
0.95	1.7372950373
0.975	1.80848716857
1.0	1.84147098481
1.025	1.83549946988
1.05	1.79130275811
1.075	1.71105976274
1.1	1.59831414125
1.125	1.45783782712
1.15	1.29544737263
1.175	1.11778016069
1.2	0.932039085967
1.225	0.745715517158
1.25	0.56630118699
1.275	0.401000082021
1.3	0.256451404231
1.325	0.13847425099
1.35	0.0518438253154
1.375	0.000107776619925
1.4	-0.0145502700115
1.425	0.00860524854707
1.45	0.0688334585263
1.475	0.163945427517
1.5	0.290388205418
1.525	0.443381298472
1.55	0.617100331824
1.575	0.804900842563
1.6	0.999573603042
1.625	1.19362166256
1.65	1.37954846082
1.675	1.55014594119
1.7	1.69877159164
1.725	1.81960376681
1.75	1.90786547939
1.775	1.96000806046
1.8	1.97384763088
1.825	1.94864913903
1.85	1.88515473549
1.875	1.78555539391
1.9	1.65340686887
1.925	1.49349322003
1.95	1.31164314737
1.975	1.11450619543
2.0	0.909297426826
2.025	0.703520376931
2.05	0.504678936268
2.075	0.319989232704
2.1	0.156102585462
2.125	0.0188501775159
2.15	-0.0869807417128
2.175	-0.157830523127
2.2	-0.19150359618
2.225	-0.187252513975
2.25	-0.145806335623
2.275	-0.0693422553753
2.3	0.0385984309902
2.325	0.173246792923
2.35	0.328789920426
2.375	0.498594709937
2.4	0.675463180551
2.425	0.851909508665
2.45	1.0204481345
2.475	1.17388186846
2.5	1.30557892529
2.525	1.40972823946
2.55	1.4815632499
2.575	1.51754555386
2.6	1.51550137182
2.625	1.47470557901
2.65	1.3959100738
2.675	1.28131539255
2.7	1.13448666142
2.725	0.960217114727
2.75	0.764344424417
2.775	0.553526898717
2.8	0.334988150156
2.825	0.116240044906
2.85	-0.0952054200225
2.875	-0.292124239656
2.9	-0.467857451973
2.925	-0.616566470281
2.95	-0.73345688515
2.975	-0.814962135659
3.0	-0.85887999194
3.025	-0.864456604439
3.05	-0.832414890279
3.075	-0.764926166226
3.1	-0.665526118753
3.125	-0.53897834079
3.15	-0.391090679732
3.175	-0.228491454724
3.2	-0.0583741434276
3.225	0.111779649808
3.25	0.274488297835
3.275	0.422558254605
3.3	0.549361087043
3.325	0.649088788355
3.35	0.716977560838
3.375	0.749491468001
3.4	0.744458897973
3.425	0.701156593622
3.45	0.620338019803
3.475	0.504204977232
3.5	0.356323553497
3.525	0.18148764081
3.55	-0.0144647349209
3.575	-0.22487521567
3.6	-0.442520443295
3.625	-0.659889110048
3.65	-0.869470081021
3.675	-1.06404051649
3.7	-1.2369429221
3.725	-1.38234048031
3.75	-1.49544085125
3.775	-1.57267984266
3.8	-1.61185789094
3.825	-1.61222410876
3.85	-1.57450466958
3.875	-1.50087443854
3.9	-1.39487294037
3.925	-1.26126789369
3.95	-1.10587155645
3.975	-0.935316940484
4.0	-0.756802495308
4.025	-0.577815073207
4.05	-0.405841822061
4.075	-0.248082077993
4.1	-0.111170329878
4.125	-0.000920902255445
4.15	0.0778958314358
4.175	0.121737105086
4.2	0.128424227586
4.225	0.0972266173805
4.25	0.0288901742827
4.275	-0.0743911019161
4.3	-0.209059155563
4.325	-0.370328352373
4.35	-0.552369145193
4.375	-0.748531870285
4.4	-0.95160207389
4.425	-1.15407755717
4.45	-1.34845649299
4.475	-1.52752554238
4.5	-1.68463689885
4.525	-1.81396361377
4.55	-1.91072339101
4.575	-1.97136225065
4.6	-1.99369100363
4.625	-1.97696929289
4.65	-1.92193397127
4.675	-1.8307707258
4.7	-1.70703003875
4.725	-1.55549071517
4.75	-1.38197622134
4.775	-1.19313089236
4.8	-0.996164608836
4.825	-0.798575754862
4.85	-0.607863103602
4.875	-0.431237702695
4.9	-0.275345831438
4.925	-0.146013676329
4.95	-0.0480235368905
4.975	0.0150698380127
5.0	0.0410757253369
5.025	0.0292514699248
5.05	-0.0196691361246
5.075	-0.103504227287
5.1	-0.218707901141
5.125	-0.360506688007
5.15	-0.523083209104
5.175	-0.699799965228
5.2	-0.88345465572
5.225	-1.06655721581
5.25	-1.24161792579
5.275	-1.40143551998
5.3	-1.53937422341
5.325	-1.64961906973
5.35	-1.72739968836
5.375	-1.76917396074
5.4	-1.77276448756
5.425	-1.73744262253
5.45	-1.663956843
5.475	-1.55450436693
5.5	-1.41264710676
5.525	-1.2431751898
5.55	-1.05192328964
5.575	-0.845546826661
5.6	-0.631266637872
5.625	-0.416591927983
5.65	-0.209032148266
5.675	-0.0158088752665
5.7	0.156421238589
5.725	0.301821795932
5.75	0.415600455012
5.775	0.494192599654
5.8	0.535397820586
5.825	0.538463963564
5.85	0.504115514671
5.875	0.434525232309
5.9	0.333230116356
5.925	0.204994944098
5.95	0.0556286174953
5.975	-0.108239620188
6.0	-0.279415498199
6.025	-0.450416750619
6.05	-0.613761220664
6.075	-0.76225496492
6.1	-0.889269285459
6.125	-0.988996043311
6.15	-1.05667144136
6.175	-1.08875967648
6.2	-1.08308940282
6.225	-1.03893776179
6.25	-0.957058749059
6.275	-0.839654828081
6.3	-0.690292880702
6.325	-0.513767724413
6.35	-0.315918440844
6.375	-0.103404573526
6.4	0.11654920485
6.425	0.336430143768
6.45	0.54872553823
6.475	0.746210852087
6.5	0.922226769274
6.525	1.07093452642
6.55	1.18753971488
6.575	1.268475952
6.6	1.31154136351
6.625	1.31598263262
6.65	1.282523386
6.675	1.21333582633
6.7	1.1119567018
6.725	0.983150842199
6.75	0.832727506146
6.775	0.667316597501
6.8	0.494113351139
6.825	0.320601300016
6.85	0.154264170083
6.875	0.00229777507134
6.9	-0.128667016798
6.925	-0.232819597641
6.95	-0.305393404348
6.975	-0.342849572436
7.0	-0.343013401281
7.025	-0.305158386171
7.05	-0.230034587582
7.075	-0.11984024718
7.1	0.0218622589393
7.125	0.190282900189
7.15	0.379587659996
7.175	0.583122334878
7.2	0.793667863849
7.225	1.00371737624
7.25	1.20576431138
7.275	1.39259053806
7.3	1.55754340182
7.325	1.69479105331
7.35	1.7995462461
7.375	1.86825000339
7.4	1.89870809581
7.425	1.89017508574
7.45	1.84338270834
7.475	1.76051149907
7.5	1.64510675796
7.525	1.50194208035
7.55	1.33683569864
7.575	1.15642669314
7.6	0.967919672031
7.625	0.778807732634
7.65	0.596584350321
7.675	0.428455267215
7.7	0.28106145269
7.725	0.160223782237
7.75	0.0707192465999
7.775	0.0160972914184
7.8	-0.0014566546254
7.825	0.0187947814375
7.85	0.0761125407946
7.875	0.168309509974
7.9	0.291834560653
7.925	0.441909022562
7.95	0.612710344893
7.975	0.797595888208
8.0	0.989358246623
8.025	1.18050228834
8.05	1.36353326799
8.075	1.53124493872
8.1	1.67699659203
8.125	1.79496837873
8.15	1.88038509916
8.175	1.92969986243
8.2	1.94073055668
8.225	1.91274388576
8.25	1.84648374275
8.275	1.74414282983
8.3	1.60927861494
8.325	1.44667685498
8.35	1.2621679299
8.375	1.06240304594
8.4	0.854598908088
8.425	0.646260673742
8.45	0.444893834077
8.475	0.257716095254
8.5	0.0913803314369
8.525	-0.0482807437826
8.55	-0.156478375644
8.575	-0.229651435931
8.6	-0.265602902126
8.625	-0.263583903407
8.65	-0.224322103909
8.675	-0.149993332714
8.7	-0.0441375511044
8.725	0.0884776133683
8.75	0.242040521389
8.775	0.409919306969
8.8	0.584917192892
8.825	0.759549524609
8.85	0.926331876031
8.875	1.07806815518
8.9	1.20812763764
8.925	1.31070028133
8.95	1.38102051055
8.975	1.41555086921
9.0	1.41211848524
9.025	1.36999910144
9.05	1.28994544337
9.075	1.17415883371
9.1	1.02620514354
9.125	0.850878310219
9.15	0.654016666479
9.175	0.442279138605
9.2	0.2228899141
9.225	0.00336139065448
9.25	-0.208793946985
9.275	-0.406351650197
9.3	-0.582652357679
9.325	-0.731857128074
9.35	-0.849171242122
9.375	-0.931027874102
9.4	-0.975224574547
9.425	-0.981007319632
9.45	-0.949098897655
9.475	-0.881670542079
9.5	-0.782257901648
9.525	-0.655624577163
9.55	-0.507578469482
9.575	-0.344747996774
9.6	-0.174326781223
9.625	-0.0037966171087
9.65	0.159360633201
9.675	0.307951143297
9.7	0.435346154776
9.725	0.535737290749
9.75	0.604360338889
9.775	0.637678903808
9.8	0.633520870748
9.825	0.591162436021
9.85	0.511356474594
9.875	0.396304154333
9.9	0.249570887411
9.925	0.0759498484783
9.95	-0.118721695814
9.975	-0.327786187917
10.0	-0.544021110889
10.025	-0.759916038376
10.05	-0.967960756508
10.075	-1.16093338567
10.1	-1.33217743008
10.125	-1.47585710863
10.15	-1.58718115506
10.175	-1.66258648726
10.2	-1.69987468759
10.225	-1.69829604984
10.25	-1.65857796292
10.275	-1.58289654107
10.3	-1.47479259095
10.325	-1.33903514514
10.35	-1.18143780677
10.375	-1.00863496322
10.4	-0.827826469086
10.425	-0.646500610356
10.45	-0.472145996356
10.475	-0.311963451484
10.5	-0.172588978785
10.525	-0.059838441923
10.55	0.0215162225525
10.575	0.0679306624066
10.6	0.0772245783872
10.625	0.0486657597751
10.65	-0.0170015427736
10.675	-0.117584997594
10.7	-0.249528235084
10.725	-0.408047323879
10.75	-0.587314435556
10.775	-0.780681639834
10.8	-0.980936230066
10.825	-1.18057776709
10.85	-1.37210619486
10.875	-1.54830995593
10.9	-1.70254303449
10.925	-1.82898028075
10.95	-1.92284120441
10.975	-1.98057363721
11.0	-1.99999020655
11.025	-1.98035237537
11.05	-1.92239881899
11.075	-1.82831704824
11.1	-1.70165936939
11.125	-1.54720641049
11.15	-1.37078345878
11.175	-1.17903666702
11.2	-0.979177729151
11.225	-0.778706837078
11.25	-0.585124565146
11.275	-0.405643754414
11.3	-0.246912468716
11.325	-0.114758669092
11.35	-0.0139664185005
11.375	0.0519077829652
11.4	0.0806714743353
11.425	0.071580276915
11.45	0.0253662747308
11.475	-0.0557903582319
11.5	-0.168345393502
11.525	-0.307527016711
11.55	-0.467519484721
11.575	-0.641686913278
11.6	-0.822828594969
11.625	-1.00345603557
11.65	-1.17608106225
11.675	-1.33350393154
11.7	-1.46909036511
11.725	-1.57702686668
11.75	-1.65254450834
11.775	-1.69210258579
11.8	-1.69352508478
11.825	-1.65608471397
11.85	-1.58053127471
11.875	-1.46906327716
11.9	-1.32524389342
11.925	-1.15386447706
11.95	-0.960760893782
11.975	-0.752589721213
12.0	-0.536572918
12.025	-0.32022077418
12.05	-0.111043789366
12.075	0.0837354491965
12.1	0.257459316652
12.125	0.404290482085
12.15	0.519435709662
12.175	0.599329529146
12.2	0.641770717763
12.225	0.646006348827
12.25	0.61276017753
12.275	0.544204273386
12.3	0.443874989821
12.325	0.316536500505
12.35	0.167997147005
12.375	0.00488565574921
12.4	-0.165604175448
12.425	-0.335990509427
12.45	-0.498791573708
12.475	-0.646813764485
12.5	-0.773428678538
12.525	-0.872828426513
12.55	-0.940249415668
12.575	-0.972156001862
12.6	-0.966376952779
12.625	-0.922189477812
12.65	-0.84034759502
12.675	-0.723053744653
12.7	-0.573874739767
12.725	-0.397605283518
12.75	-0.200084297734
12.775	0.0120288792296
12.8	0.231509825102
12.825	0.450846084869
12.85	0.662525293942
12.875	0.859323301267
12.9	1.03458122032
12.925	1.18246076147
12.95	1.29816803366
12.975	1.3781372154
13.0	1.42016703683
13.025	1.42350482834
13.05	1.38887490625
13.075	1.31845020487
13.1	1.21576824556
13.125	1.08559467234
13.15	0.93373959862
13.175	0.766833823036
13.2	0.592073514707
13.225	0.416943179705
13.25	0.248927555353
13.275	0.0952235043886
13.3	-0.0375370189899
13.325	-0.143542284624
13.35	-0.218024571537
13.375	-0.257443822507
13.4	-0.259624110048
13.425	-0.223837669226
13.45	-0.150833267726
13.475	-0.0428078226607
13.5	0.0966776453651
13.525	0.262834491339
13.55	0.449830113489
13.575	0.651011751466
13.6	0.859161814856
13.625	1.06677493008
13.65	1.26634605913
13.675	1.45065861811
13.7	1.6130615235
13.725	1.74772451961
13.75	1.84986197532
13.775	1.91591654983
13.8	1.94369566944
13.825	1.93245557079
13.85	1.88292968088
13.875	1.79730024354
13.9	1.67911428258
13.925	1.53314713152
13.95	1.36521877424
13.975	1.18197005466
14.0	0.990607355695
14.025	0.798625559383
14.05	0.613519934659
14.075	0.442498024953
14.1	0.292202607561
14.125	0.168456371382
14.15	0.0760381249191
14.175	0.0184991347858
14.2	-0.00197334728364
14.225	0.0153598756696
14.25	0.0697615686215
14.275	0.159046440546
14.3	0.279665183088
14.325	0.426840942324
14.35	0.594752979042
14.375	0.776760459514
14.4	0.965657776549
14.425	1.15395158891
14.45	1.33414893252
14.475	1.49904533147
14.5	1.64200183671
14.525	1.75720034592
14.55	1.83986739265
14.575	1.88645780447
14.6	1.89479117214
14.625	1.86413588527
14.65	1.79523750472
14.675	1.69029038149
14.7	1.55285361233
14.725	1.38771456188
14.75	1.20070519582
14.775	0.998478283093
14.8	0.788252067375
14.825	0.577533219774
14.85	0.373828719276
14.875	0.184357733004
14.9	0.0157745683254
14.925	-0.126086656614
14.95	-0.236435812033
14.975	-0.311710425083
15.0	-0.349712159843
15.025	-0.349690864142
15.05	-0.312372953612
15.075	-0.239933042473
15.1	-0.135909911527
15.125	-0.00507004297977
15.15	0.146776033355
15.175	0.312997524454
15.2	0.486398688854
15.225	0.659495869906
15.25	0.824805600942
15.275	0.975132710319
15.3	1.10384735432
15.325	1.20514033132
15.35	1.27424686538
15.375	1.30763025895
15.4	1.30311835675
15.425	1.25998757624
15.45	1.1789912751
15.475	1.06233136511
15.5	0.913574263124
15.525	0.737514408635
15.55	0.539990592472
15.575	0.327662154759
15.6	0.107753652299
15.625	-0.112222192686
15.65	-0.324752615887
15.675	-0.522612934268
15.7	-0.699143597401
15.725	-0.848505520213
15.75	-0.96590388523
15.775	-1.04777181408
15.8	-1.09190685023
15.825	-1.09755500839
15.85	-1.06543916099
15.875	-0.997730671102
15.9	-0.897965362561
15.925	-0.770907056568
15.95	-0.622363919582
15.975	-0.458964680399
16.0	-0.287903316665
16.025	-0.116662022729
16.05	0.0472768946065
16.075	0.196719120416
16.1	0.325035364003
16.125	0.426416672737
16.15	0.496098215466
16.175	0.530542935276
16.2	0.527578013602
16.225	0.486478901097
16.25	0.407997685693
16.275	0.294334707335
16.3	0.1490545099
16.325	-0.0230506400818
16.35	-0.21614442334
16.375	-0.423570268376
16.4	-0.638106682348
16.425	-0.852244300415
16.45	-1.05847400697
16.475	-1.24957505672
16.5	-1.41889212356
16.525	-1.56059063067
16.55	-1.66988054998
16.575	-1.74320007062
16.6	-1.77835207853
16.625	-1.77458820254
16.65	-1.73263719727
16.675	-1.65467657247
16.7	-1.54424855921
16.725	-1.40612364253
16.75	-1.24611690517
16.775	-1.07086424031
16.8	-0.887567033582
16.825	-0.703715126352
16.85	-0.526798706642
16.875	-0.364020199894
16.9	-0.222017231548
16.925	-0.106607307988
16.95	-0.0225640277969
16.975	0.026566576495
17.0	0.0386025081204
17.025	0.01280984269
17.05	-0.0500688978961
17.075	-0.147843124733
17.1	-0.276958223895
17.125	-0.432632031512
17.15	-0.609038497369
17.175	-0.799531478997
17.2	-0.996900066042
17.225	-1.193645623
17.25	-1.38226990372
17.275	-1.55556316575
17.3	-1.70688121226
17.325	-1.83040071524
17.35	-1.92134300789
17.375	-1.97615774602
17.4	-1.99265938047
17.425	-1.97011119592
17.45	-1.90925368659
17.475	-1.81227617816
17.5	-1.68273278665
17.525	-1.5254059436
17.55	-1.34612273231
17.575	-1.15153109312
17.6	-0.948844497918
17.625	-0.74556490579
17.65	-0.549194646432
17.675	-0.366948303302
17.7	-0.205475668605
17.725	-0.0706064166326
17.75	0.0328736925864
17.775	0.101406479135
17.8	0.132797820514
17.825	0.126301695834
17.85	0.0826485672835
17.875	0.00401700838657
17.9	-0.106050330475
17.925	-0.242783189662
17.95	-0.400367356435
17.975	-0.572168451649
18.0	-0.750987246772
18.025	-0.929336699311
18.05	-1.0997300601
18.075	-1.25496898039
18.1	-1.38842054674
18.125	-1.49427259712
18.15	-1.5677575063
18.175	-1.60533584038
18.2	-1.60483282241
18.225	-1.56552236441
18.25	-1.48815543647
18.275	-1.37493168215
18.3	-1.22941537081
18.325	-1.05639891656
18.35	-0.861719208196
18.375	-0.65203380837
18.4	-0.434565622072
18.425	-0.216825846406
18.45	-0.00632584821033
18.475	0.189710958428
18.5	0.364626162717
18.525	0.512581689193
18.55	0.628783599333
18.575	0.709665762509
18.6	0.753026338263
18.625	0.758111825323
18.65	0.725645447749
18.675	0.657798787708
18.7	0.558107755372
18.725	0.431336125526
18.75	0.283291885466
18.775	0.120603452193
18.8	-0.0495356408784
18.825	-0.219643775787
18.85	-0.382239353918
18.875	-0.53012889989
18.9	-0.65668409338
18.925	-0.756097082357
18.95	-0.823604265804
18.975	-0.855669945712
19.0	-0.850122790337
19.025	-0.806239864145
19.05	-0.724774994862
19.075	-0.607930387117
19.1	-0.459272573204
19.125	-0.283595930552
19.15	-0.0867390104988
19.175	0.124639263619
19.2	0.34331492882
19.225	0.561776033366
19.25	0.772510759611
19.275	0.968295546772
19.3	1.14247214156
19.325	1.28920293012
19.35	1.40369473934
19.375	1.48238250737
19.4	1.52306576516
19.425	1.52499268468
19.45	1.48888846399
19.475	1.41692695879
19.5	1.31264665091
19.525	1.18081418326
19.55	1.02724070601
19.575	0.858558091753
19.6	0.681963620068
19.625	0.50494294332
19.65	0.334981980234
19.675	0.179278809322
19.7	0.0444666341656
19.725	-0.0636415328594
19.75	-0.140276656533
19.775	-0.18189733418
19.8	-0.186326262493
19.825	-0.152834271212
19.85	-0.0821686940661
19.875	0.0234750135216
19.9	0.160537319455
19.925	0.32423109312
19.95	0.508725272082
19.975	0.707368659315
20.0	0.912945250728
20.025	1.11795128108
20.05	1.3148833417
20.075	1.49652649803
20.1	1.65623133483
20.125	1.78816928264
20.15	1.88755641338
20.175	1.95083710513
20.2	1.97582051777
20.225	1.96176463515
20.25	1.90940464408
20.275	1.82092455957
20.3	1.69987318702
20.325	1.55102765074
20.35	1.38020973348
20.375	1.19406208506
20.4	0.999792900143
20.425	0.804898877206
20.45	0.616877105237
20.475	0.442936950164
20.5	0.289723013092
20.525	0.163059806898
20.55	0.0677279630973
20.575	0.00728056920692
20.6	-0.0160933053814
20.625	-0.00165265043274
20.65	0.0498671067895
20.675	0.136282476376
20.7	0.254045943316
20.725	0.39838243814
20.75	0.563472996086
20.775	0.742678546757
20.8	0.928795234077
20.825	1.11433145461
20.85	1.29179596769
20.875	1.45398600534
20.9	1.59426430988
20.925	1.70681445279
20.95	1.78686462277
20.975	1.83087128284
21.0	1.83665563854
21.025	1.8034876725
21.05	1.73211451595
21.075	1.62473206653
21.1	1.48490094299
21.125	1.31741000636
21.15	1.12809269219
21.175	0.923603211804
21.2	0.711161222906
21.225	0.498274781393
21.25	0.292452220928
21.275	0.10091403235
21.3	-0.0696841850363
21.325	-0.213507053745
21.35	-0.325763218031
21.375	-0.402889013226
21.4	-0.442684946482
21.425	-0.444399744312
21.45	-0.408758737346
21.475	-0.337935491793
21.5	-0.235467778092
21.525	-0.106121106365
21.55	0.0442949267754
21.575	0.209150422035
21.6	0.381250491655
21.625	0.553112292128
21.65	0.717253128857
21.675	0.866478560721
21.7	0.994159432514
21.725	1.09448718869
21.75	1.16269765654
21.775	1.19525469852
21.8	1.1899866758
21.825	1.14617047839
21.85	1.06455989233
21.875	0.947357213299
21.9	0.798129197386
21.925	0.621670578376
21.95	0.423820396313
21.975	0.211238195292
22.0	-0.00885130929041
22.025	-0.228935282093
22.05	-0.44150089123
22.075	-0.639323431676
22.1	-0.815743376611
22.125	-0.964921710159
22.15	-1.08206372958
22.175	-1.16360271672
22.2	-1.20733642061
22.225	-1.21251110679
22.25	-1.17984994358
22.275	-1.11152463488
22.3	-1.01107139
22.325	-0.883254460079
22.35	-0.733882485698
22.375	-0.569584713645
22.4	-0.397555683121
22.425	-0.225278193237
22.45	-0.0602351983805
22.475	0.0903782965077
22.5	0.219932268726
22.525	0.322616992106
22.55	0.393666820901
22.575	0.429543843066
22.6	0.42807434489
22.625	0.388532842439
22.65	0.311670450187
22.675	0.199686496366
22.7	0.0561444755203
22.725	-0.114164432125
22.75	-0.305405029893
22.775	-0.510921904465
22.8	-0.723494756044
22.825	-0.935615446952
22.85	-1.13977612209
22.875	-1.32875732926
22.9	-1.49590506716
22.925	-1.63538611477
22.95	-1.74241182982
22.975	-1.81342181651
23.0	-1.84622040418
23.025	-1.84006069244
23.05	-1.79567293325
23.075	-1.71523615924
23.1	-1.60229414901
23.125	-1.46161895875
23.15	-1.29902726505
23.175	-1.12115657659
23.2	-0.935209915195
23.225	-0.748678778046
23.25	-0.569055027597
23.275	-0.403542781286
23.3	-0.25878137305
23.325	-0.140590033208
23.35	-0.0537440986377
23.375	-0.00179135343756
23.4	0.0130844418794
23.425	-0.00985241189894
23.45	-0.0698611776614
23.475	-0.164753060144
23.5	-0.290975246793
23.525	-0.443747381714
23.55	-0.617245228142
23.575	-0.804824461401
23.6	-0.999275992137
23.625	-1.1931030079
23.65	-1.37880908656
23.675	-1.54918630942
23.7	-1.69759230208
23.725	-1.81820555649
23.75	-1.90624922214
23.775	-1.9581747664
23.8	-1.97179844574
23.825	-1.9463853435
23.85	-1.88267774436
23.875	-1.78286675523
23.9	-1.65050826294
23.925	-1.49038645839
23.95	-1.30833017164
23.975	-1.11098907611
24.0	-0.905578362007
24.025	-0.699601690906
24.05	-0.500563078088
24.075	-0.315678774647
24.1	-0.151600221423
24.125	-0.0141587213264
24.15	0.0918583580454
24.175	0.162891251251
24.2	0.196744273306
24.225	0.19266986485
24.25	0.151396974579
24.275	0.0751026884439
24.3	-0.0326718038913
24.325	-0.167157675743
24.35	-0.322542118664
24.375	-0.492192128267
24.4	-0.668909820378
24.425	-0.845209465625
24.45	-1.0136055959
24.475	-1.16690111067
24.5	-1.29846431105
24.525	-1.40248421518
24.55	-1.47419434285
24.575	-1.51005636937
24.6	-1.50789659039
24.625	-1.46698995338
24.65	-1.38808842598
24.675	-1.27339261082
24.7	-1.12646769726
24.725	-0.952106979728
24.75	-0.756148187149
24.775	-0.545249681561
24.8	-0.326635126105
24.825	-0.107816434327
24.85	0.103694352647
24.875	0.300673189019
24.9	0.476461075259
24.925	0.625219390507
24.95	0.742153694522
24.975	0.823697398953
25.0	0.867648249902
25.025	0.873252377193
25.05	0.841232680753
25.075	0.773760463588
25.1	0.674371401856
25.125	0.547829081619
25.15	0.399941346862
25.175	0.237336516775
25.2	0.0672080725255
25.225	-0.102962374582
25.25	-0.265693186991
25.275	-0.4137908048
25.3	-0.540626777649
25.325	-0.640393078031
25.35	-0.708325884119
25.375	-0.740889231904
25.4	-0.735911478616
25.425	-0.692669332863
25.45	-0.611916221903
25.475	-0.495853905542
25.5	-0.348048427164
25.525	-0.17329363152
25.55	0.0225725061803
25.575	0.232891681805
25.6	0.450440594275
25.625	0.667707996037
25.65	0.87718281547
25.675	1.07164227919
25.7	1.24442896219
25.725	1.38970611927
25.75	1.5026814858
25.775	1.57979094763
25.8	1.61883502212
25.825	1.61906290567
25.85	1.58120085819
25.875	1.50742383396
25.9	1.40127144944
25.925	1.26751151754
25.95	1.11195639303
25.975	0.941239186966
26.0	0.76255845048
26.025	0.583401139784
26.05	0.411254508933
26.075	0.253318002407
26.1	0.116226219552
26.125	0.0057935974224
26.15	-0.0732093760515
26.175	-0.117239818366
26.2	-0.124118920189
26.225	-0.0931159799826
26.25	-0.0249767758988
26.275	0.0781048155394
26.3	0.212570863475
26.325	0.373635859871
26.35	0.555470385194
26.375	0.751424904613
26.4	0.954285094493
26.425	1.15654888725
26.45	1.35071458804
26.475	1.52956899117
26.5	1.68646442429
26.525	1.81557407372
26.55	1.91211577898
26.575	1.97253569644
26.6	1.99464477388
26.625	1.97770279152
26.65	1.92244673987
26.675	1.8310624439
26.7	1.70710052404
26.725	1.5553399236
26.75	1.38160424715
26.775	1.19253796802
26.8	0.995351104912
26.825	0.797542179761
26.85	0.606610103276
26.875	0.429766060228
26.9	0.273656466559
26.925	0.144107644836
26.95	0.0459020299904
26.975	-0.0174054944467
27.0	-0.0436240715955
27.025	-0.0320109133746
27.05	0.0167003200459
27.075	0.100327893993
27.1	0.215326035737
27.125	0.356921404047
27.15	0.519296747275
27.175	0.695814691946
27.2	0.879273061651
27.225	1.06218191431
27.25	1.23705165129
27.275	1.39668112624
27.3	1.53443468178
27.325	1.64449746726
27.35	1.72209922589
27.375	1.76369795088
27.4	1.76711635264
27.425	1.73162589245
27.45	1.65797515303
27.475	1.54836145542
27.5	1.40634681284
27.525	1.23672145095
27.55	1.04532013924
27.575	0.838798391455
27.6	0.624377135416
27.625	0.409565663992
27.65	0.201873513926
27.675	0.00852234449174
27.7	-0.163831111954
27.725	-0.309350380958
27.75	-0.423243046579
27.775	-0.50194442139
27.8	-0.543254027856
27.825	-0.546419646493
27.85	-0.512165701217
27.875	-0.442664891367
27.9	-0.341454160904
27.925	-0.213298234375
27.95	-0.0640059642167
27.975	0.0997934525921
28.0	0.270905788308
28.025	0.441848816724
28.05	0.605140417447
28.075	0.7535866801
28.1	0.880558936432
28.125	0.980249073763
28.15	1.04789331787
28.175	1.07995588507
28.2	1.07426544558
28.225	1.03009915342
28.25	0.948211013388
28.275	0.83080349466
28.3	0.681443481326
28.325	0.504925789668
28.35	0.307089496651
28.375	0.094594137689
28.4	-0.125335626096
28.425	-0.345187059195
28.45	-0.557447475052
28.475	-0.754892359377
28.5	-0.930862421373
28.525	-1.07951892633
28.55	-1.19606749763
28.575	-1.27694178799
28.6	-1.31993996188
28.625	-1.32430874452
28.65	-1.29077180788
28.675	-1.22150140319
28.7	-1.12003433043
28.725	-0.991135474332
28.75	-0.840614151652
28.775	-0.675100327484
28.8	-0.501789301021
28.825	-0.328164672578
28.85	-0.161710238464
28.875	-0.00962188572006
28.9	0.121469441212
28.925	0.225753055368
28.95	0.298462311747
28.975	0.336058261215
29.0	0.336366115787
29.025	0.298659280741
29.05	0.223687723946
29.075	0.113649591922
29.1	-0.0278928368622
29.125	-0.196149631862
29.15	-0.385286878903
29.175	-0.588650479192
29.2	-0.79902147866
29.225	-1.00889311571
29.25	-1.21075894084
29.275	-1.39740093604
29.3	-1.56216656196
29.325	-1.69922408631
29.35	-1.80378638144
29.375	-1.87229459112
29.4	-1.90255460821
29.425	-1.89382111885
29.45	-1.84682598352
29.475	-1.76374986438
29.5	-1.64813818953
29.525	-1.50476468363
29.55	-1.3394477096
29.575	-1.15882647935
29.6	-0.970105733707
29.625	-0.780778703558
29.65	-0.598338998701
29.675	-0.429992496453
29.7	-0.282380302068
29.725	-0.161323427516
29.75	-0.0715990005382
29.775	-0.0167566041982
29.8	0.00101819505305
29.825	-0.0190121137794
29.85	-0.0761086100805
29.875	-0.16808431866
29.9	-0.291388249477
29.925	-0.441241870454
29.95	-0.6118227688
29.975	-0.796488442838
30.0	-0.988031624093
30.025	-1.17895731774
30.05	-1.36177091488
30.075	-1.52926630452
30.1	-1.67480291332
30.125	-1.79256102649
30.15	-1.8777655779
30.175	-1.92686980926
30.2	-1.9376917403
30.225	-1.90949820533
30.25	-1.84303322671
30.275	-1.74048963465
30.3	-1.60542502374
30.325	-1.44262527613
30.35	-1.2579208955
30.375	-1.05796321026
30.4	-0.849969045879
30.425	-0.641443678513
30.45	-0.439892716294
30.475	-0.252533980453
30.5	-0.0860204582707
30.525	0.0538150255678
30.55	0.162183607302
30.575	0.235524051879
30.6	0.271639232168
30.625	0.269780175035
30.65	0.230674444654
30.675	0.156497772571
30.7	0.0507900250087
30.725	-0.0816812629955
30.75	-0.235104542046
30.775	-0.402848033416
30.8	-0.577715044446
30.825	-0.752221002378
30.85	-0.918881560103
30.875	-1.07050070176
30.9	-1.20044777614
30.925	-1.30291281142
30.95	-1.37313029913
30.975	-1.40756284742
31.0	-1.40403764532
31.025	-1.36183049366
31.05	-1.28169417285
31.075	-1.16583005721
31.1	-1.01780406628
31.125	-0.842410182607
31.15	-0.645486780813
31.175	-0.433692825787
31.2	-0.214252540296
31.225	0.00532164605878
31.25	0.217517219992
31.275	0.415109707736
31.3	0.591439726249
31.325	0.740668315856
31.35	0.858000742409
31.375	0.939870168746
31.4	0.9840741374
31.425	0.989858620006
31.45	0.957946403775
31.475	0.890508724542
31.5	0.791081236878
31.525	0.664427550862
31.55	0.516355580078
31.575	0.353493758859
31.6	0.183035728981
31.625	0.0124633077297
31.65	-0.150741616116
31.675	-0.299385186353
31.7	-0.426838611418
31.725	-0.527293477914
31.75	-0.595985533685
31.775	-0.629378340216
31.8	-0.625299736351
31.825	-0.583025868759
31.85	-0.503309559557
31.875	-0.388351920581
31.9	-0.241718304832
31.925	-0.0682018246795
31.95	0.126360318569
31.975	0.335310635739
32.0	0.551426681242
32.025	0.767198103019
32.05	0.975114764388
32.075	1.16795486577
32.1	1.33906199419
32.125	1.48260045413
32.15	1.59377906759
32.175	1.66903484332
32.2	1.70616945718
32.225	1.70443329893
32.25	1.66455385592
32.275	1.58870734326
32.3	1.48043467075
32.325	1.34450497644
32.35	1.18673197111
32.375	1.01375015191
32.4	0.832759485308
32.425	0.651248371132
32.45	0.47670553449
32.475	0.316331917412
32.5	0.176763642359
32.525	0.0638166941141
32.55	-0.0177368680225
32.575	-0.0643525675114
32.6	-0.0738499793195
32.625	-0.0454967655495
32.65	0.0199629516389
32.675	0.120336970315
32.7	0.252069051767
32.725	0.410375396596
32.75	0.589428309338
32.775	0.782579993579
32.8	0.982617877364
32.825	1.18204165696
32.85	1.37335141243
32.875	1.54933572297
32.9	1.70334870994
32.925	1.82956536108
32.95	1.92320532396
32.975	1.98071656844
33.0	1.99991186011
33.025	1.98005280022
33.05	1.92187820237
33.075	1.82757571552
33.1	1.70069778387
33.125	1.54602517313
33.15	1.36938330781
33.175	1.1774184775
33.2	0.977342512392
33.225	0.776655740031
33.25	0.58285886968
33.275	0.403164876514
33.3	0.2442219576
33.325	0.111858206243
33.35	0.010857816613
33.375	-0.0552225811163
33.4	-0.0841903971092
33.425	-0.0753011250994
33.45	-0.0292867229168
33.475	0.051672760197
33.5	0.164033218983
33.525	0.303022960676
33.55	0.462826362059
33.575	0.636807657038
33.6	0.817766254526
33.625	0.998213774725
33.65	1.17066215724
33.675	1.32791176901
33.7	1.46332843997
33.725	1.57109877996
33.75	1.64645396489
33.775	1.68585339201
33.8	1.6871211462
33.825	1.64953003286
33.85	1.57382994752
33.875	1.46221949201
33.9	1.31826192745
33.925	1.14674869377
33.95	0.953515740299
33.975	0.745219725528
34.0	0.52908268612
34.025	0.312614987255
34.05	0.103327200766
34.075	-0.0915580168539
34.1	-0.265382974517
34.125	-0.41231027813
34.15	-0.527546631776
34.175	-0.607526508266
34.2	-0.650048631043
34.225	-0.654360022842
34.25	-0.621184391505
34.275	-0.552693762462
34.3	-0.452424448343
34.325	-0.32514058534
34.35	-0.176650480879
34.375	-0.0135828306122
34.4	0.156868595048
34.425	0.327221982943
34.45	0.489995581184
34.475	0.637995803131
34.5	0.764594259291
34.525	0.863983070599
34.55	0.931398651146
34.575	0.963305360171
34.6	0.957531965283
34.625	0.913355672341
34.65	0.831530492413
34.675	0.714258855312
34.7	0.565107560213
34.725	0.388871292952
34.75	0.191388954616
34.775	-0.0206801405929
34.8	-0.240111597954
34.825	-0.459392993382
34.85	-0.671011996577
34.875	-0.86774449411
34.9	-1.0429316404
34.925	-1.19073519004
34.95	-1.30636129948
34.975	-1.38624419795
35.0	-1.4281826695
35.025	-1.43142410162
35.05	-1.39669287085
35.075	-1.32616197483
35.1	-1.22336900127
35.125	-1.09307966357
35.15	-0.941104147496
35.175	-0.774073326954
35.2	-0.599183449214
35.225	-0.423919101323
35.25	-0.255765104358
35.275	-0.101918407535
35.3	0.0309889457988
35.325	0.13714513372
35.35	0.211782340932
35.375	0.251360413392
35.4	0.253703324355
35.425	0.218083207254
35.45	0.145248725826
35.475	0.0373966909902
35.5	-0.101911985025
35.525	-0.267888767698
35.55	-0.454701167787
35.575	-0.655696539453
35.6	-0.863657408693
35.625	-1.07107852017
35.65	-1.27045495586
35.675	-1.45457025356
35.7	-1.61677345302
35.725	-1.75123442337
35.75	-1.85316765975
35.775	-1.91901594898
35.8	-1.94658684628
35.825	-1.93513671843
35.85	-1.8853991237
35.875	-1.79955643821
35.9	-1.68115581905
35.925	-1.53497273391
35.95	-1.36682730159
35.975	-1.1833605017
36.0	-0.991778853443
36.025	-0.79957737569
36.05	-0.61425147467
36.075	-0.443008831479
36.1	-0.292492361366
36.125	-0.168524891378
36.15	-0.0758853682842
36.175	-0.0181251969875
36.2	0.00256823254635
36.225	-0.0145444147264
36.25	-0.0687260416343
36.275	-0.157791494686
36.3	-0.278191602655
36.325	-0.425149648257
36.35	-0.592845028346
36.375	-0.774637044595
36.4	-0.963320224474
36.425	-1.15140136057
36.45	-1.33138762173
36.475	-1.49607466396
36.5	-1.63882366904
36.525	-1.75381666435
36.55	-1.83628031187
36.575	-1.88266956628
36.6	-1.89080414408
36.625	-1.85995255909
36.65	-1.79086049487
36.675	-1.68572242346
36.7	-1.54809756094
36.725	-1.38277338951
36.75	-1.19558199054
36.775	-0.993176246741
36.8	-0.782774513551
36.825	-0.57188357177
36.85	-0.368010507939
36.875	-0.178374594526
36.9	-0.00963024197411
36.925	0.132388330835
36.95	0.242890895783
36.975	0.318314884144
37.0	0.356461866643
37.025	0.356581600334
37.05	0.319400412711
37.075	0.247092832545
37.1	0.143197557936
37.125	0.0124809911853
37.15	-0.139246414955
37.175	-0.305353941626
37.2	-0.478645918588
37.225	-0.651638757433
37.25	-0.816849056699
37.275	-0.967081706888
37.3	-1.09570692331
37.325	-1.19691556025
37.35	-1.26594289446
37.375	-1.29925227788
37.4	-1.2946716015
37.425	-1.25147732577
37.45	-1.17042284803
37.475	-1.05371011642
37.5	-0.904905580823
37.525	-0.728803710366
37.55	-0.531243322136
37.575	-0.318883779117
37.6	-0.0989496575503
37.625	0.121046304332
37.65	0.333591329648
37.675	0.531460726235
37.7	0.707994937992
37.725	0.857354877629
37.75	0.974745728911
37.775	1.05660061816
37.8	1.10071709699
37.825	1.10634119173
37.85	1.07419578981
37.875	1.0064522728
37.9	0.906646486425
37.925	0.779542277176
37.95	0.630947840202
37.975	0.46749193636
38.0	0.296368578709
38.025	0.125060000344
38.05	-0.0389514498844
38.075	-0.188471411718
38.1	-0.316870545879
38.125	-0.418339847932
38.15	-0.488114431733
38.175	-0.522657182221
38.2	-0.519795219562
38.225	-0.478803930066
38.25	-0.400435334278
38.275	-0.286889701759
38.3	-0.14173150305
38.325	0.0302470715656
38.35	0.223209781922
38.375	0.430500138437
38.4	0.644896732945
38.425	0.858890287987
38.45	1.06497177799
38.475	1.25592055029
38.5	1.42508137396
38.525	1.56661976982
38.55	1.67574580986
38.575	1.74889778563
38.6	1.7838786878
38.625	1.77994025211
38.65	1.73781134228
38.675	1.65966957924
38.7	1.54905730728
38.725	1.41074512659
38.75	1.25054823695
38.775	1.07510265036
38.8	0.891609873041
38.825	0.707559868576
38.85	0.530442948792
38.875	0.367461664437
38.9	0.22525376768
38.925	0.10963689298
38.95	0.0253847682562
38.975	-0.023956443439
39.0	-0.0362046137159
39.025	-0.0106256855428
39.05	0.0520379527587
39.075	0.149595846716
39.1	0.278493517604
39.125	0.433948937439
39.15	0.61013619249
39.175	0.800409277288
39.2	0.997557418908
39.225	1.19408211961
39.25	1.3824852713
39.275	1.55555726968
39.3	1.70665405623
39.325	1.82995244122
39.35	1.92067389603
39.375	1.9752682145
39.4	1.99154998521
39.425	1.96878263027
39.45	1.90770678084
39.475	1.8105118991
39.5	1.68075223688
39.525	1.5232103609
39.55	1.34371348885
39.575	1.1489096946
39.6	0.946012582627
39.625	0.742524243582
39.65	0.545947137622
39.675	0.363495977478
39.7	0.201820683357
39.725	0.0667510562083
39.75	-0.0369270187124
39.775	-0.105655237766
39.8	-0.137239356314
39.825	-0.130933232987
39.85	-0.0874672112309
39.875	-0.0090197476321
39.9	0.10086662248
39.925	0.237421752567
39.95	0.394831540964
39.975	0.566461717506
40.0	0.745113160479
40.025	0.923298931982
40.05	1.09353238514
40.075	1.24861527115
40.1	1.38191477408
40.125	1.48761882693
40.15	1.56095989697
40.175	1.59839864021
40.2	1.59776036691
40.225	1.55831907364
40.25	1.48082581225
40.275	1.36748030525
40.3	1.22184689811
40.325	1.0487180781
40.35	0.853930804254
40.375	0.644142706444
40.4	0.426576753845
40.425	0.208744204659
40.45	-0.00184351629233
40.475	-0.1979629401
40.5	-0.372955604338
40.525	-0.520983385134
40.55	-0.637252298807
40.575	-0.718196172854
40.6	-0.761613128251
40.625	-0.766749628489
40.65	-0.734328865748
40.675	-0.666522393686
40.7	-0.566866097359
40.725	-0.440123729844
40.75	-0.292103260148
40.775	-0.129433090416
40.8	0.0406932573499
40.825	0.210794173155
40.85	0.373388062897
40.875	0.521281452248
40.9	0.647846018483
40.925	0.747273903715
40.95	0.814801497617
40.975	0.846893089423
41.0	0.841377331195
41.025	0.797531267778
41.05	0.716108703859
41.075	0.599311817628
41.1	0.450707111554
41.125	0.275088929876
41.15	0.0782957873949
41.175	-0.13301343241
41.2	-0.351614809717
41.225	-0.569996439213
41.25	-0.780646552922
41.275	-0.97634164294
41.3	-1.15042351204
41.325	-1.29705460556
41.35	-1.4114418127
41.375	-1.49002013698
41.4	-1.53058917775
41.425	-1.53239717836
41.45	-1.4961694112
41.475	-1.42407980918
41.5	-1.31966693416
41.525	-1.18769751194
41.55	-1.03398277826
41.575	-0.865154693992
41.6	-0.688410629638
41.625	-0.511236331048
41.65	-0.34111781296
41.675	-0.185253252348
41.7	-0.0502759536603
41.725	0.0580009675318
41.75	0.134808370542
41.775	0.176604745027
41.8	0.181212677873
41.825	0.14790288695
41.85	0.0774225921159
41.875	-0.0280328670006
41.9	-0.164904075953
41.925	-0.328404023555
41.95	-0.51270176851
41.975	-0.711146236554
42.0	-0.916521547916
42.025	-1.12132406314
42.05	-1.31805050077
42.075	-1.49948605473
42.1	-1.65898143953
42.125	-1.79070821661
42.15	-1.88988258988
42.175	-1.95294907037
42.2	-1.97771695184
42.225	-1.96344435285
42.25	-1.91086659562
42.275	-1.8221678313
42.3	-1.70089700193
42.325	-1.55183136897
42.35	-1.38079285274
42.375	-1.19442424092
42.4	-0.999933866259
42.425	-0.804818565484
42.45	-0.61657556587
42.475	-0.442414371604
42.5	-0.288979721933
42.525	-0.162096267673
42.55	-0.0665447779869
42.575	-0.00587847766345
42.6	0.0177134270964
42.625	0.0034897897959
42.65	-0.0478140979305
42.675	-0.134014881085
42.7	-0.251565178765
42.725	-0.395690054728
42.75	-0.560570676464
42.775	-0.73956810478
42.8	-0.925478613671
42.825	-1.11081072855
42.85	-1.28807333632
42.875	-1.45006379518
42.9	-1.59014497219
42.925	-1.70250056203
42.95	-1.78235887496
42.975	-1.82617649394
43.0	-1.83177474263
43.025	-1.79842371999
43.05	-1.72687067164
43.075	-1.61931160765
43.1	-1.47930725716
43.125	-1.31164658945
43.15	-1.12216314614
43.175	-0.917511242392
43.2	-0.704910637414
43.225	-0.491869486234
43.25	-0.285896219202
43.275	-0.0942114213453
43.3	0.0765292164062
43.325	0.220490227559
43.35	0.332880170031
43.375	0.41013529555
43.4	0.45005603044
43.425	0.451891023215
43.45	0.416365529389
43.475	0.345653042979
43.5	0.243291265203
43.525	0.114045639975
43.55	-0.0362742992412
43.575	-0.201038713208
43.6	-0.373052771089
43.625	-0.544833683131
43.65	-0.70889880529
43.675	-0.858053743766
43.7	-0.985669387406
43.725	-1.08593722143
43.75	-1.15409311058
43.775	-1.18660095142
43.8	-1.18128913587
43.825	-1.13743458132
43.85	-1.05579109775
43.875	-0.93856100144
43.9	-0.789311065587
43.925	-0.612836037681
43.95	-0.414974968024
43.975	-0.202387407513
44.0	0.0177019251054
44.025	0.237780194597
44.05	0.450334572641
44.075	0.648140361229
44.1	0.824538044014
44.125	0.97368861903
44.15	1.09079740089
44.175	1.1722976922
44.2	1.21598726619
44.225	1.22111241597
44.25	1.18839634083
44.275	1.12001077897
44.3	1.01949197737
44.325	0.891604228136
44.35	0.742156216108
44.375	0.577777235597
44.4	0.405661876555
44.425	0.233292992045
44.45	0.0681535935756
44.475	-0.0825612536654
44.5	-0.212221463634
44.525	-0.315017243766
44.55	-0.386182878909
44.575	-0.422180384642
44.6	-0.420835971956
44.625	-0.381424078741
44.65	-0.304695738472
44.675	-0.192850195602
44.7	-0.0494508581727
44.725	0.120711182764
44.75	0.311800822316
44.775	0.517162741511
44.8	0.729576737393
44.825	0.941534771563
44.85	1.14552909058
44.875	1.3343403462
44.9	1.50131464336
44.925	1.64061886941
44.95	1.74746449261
44.975	1.8182912297
45.0	1.85090352453
45.025	1.84455459317
45.05	1.79997480581
45.075	1.71934331511
45.1	1.60620402133
45.125	1.465329104
45.15	1.30253536449
45.175	1.12446043778
45.2	0.938307473334
45.225	0.751568097257
45.25	0.57173430215
45.275	0.406010336722
45.3	0.261035667226
45.325	0.142629657265
45.35	0.0555677778755
45.375	0.0033979481166
45.4	-0.0116959358284
45.425	0.0110219615508
45.45	0.0708110399836
45.475	0.165482641504
45.5	0.291484091225
45.525	0.444035171208
45.55	0.617311782839
45.575	0.804669739706
45.6	0.998900090745
45.625	1.19250616174
45.65	1.37799166864
45.675	1.5481488306
45.7	1.69633541075
45.725	1.81673003816
45.75	1.90455599897
45.775	1.95626489659
45.8	1.96967312291
45.825	1.9440458959
45.85	1.88012563407
45.875	1.78010357723
45.9	1.64753574413
45.925	1.4872064565
45.95	1.30494467406
45.975	1.10740019868
46.0	0.901788347649
46.025	0.695612908257
46.05	0.496378020008
46.075	0.31130005666
46.1	0.147030580086
46.125	0.00940101251571
46.15	-0.0968011609163
46.175	-0.168016059091
46.2	-0.202047883277
46.225	-0.198148962369
46.25	-0.157048135387
46.275	-0.0809223807512
46.3	0.0266872172038
46.325	0.161011934847
46.35	0.316239064448
46.375	0.485735699935
46.4	0.662304052986
46.425	0.838458487564
46.45	1.00671362631
46.475	1.15987245681
46.5	1.2913033656
46.525	1.39519545349
46.55	1.46678232017
46.575	1.50252571797
46.6	1.50025201668
46.625	1.45923623497
46.65	1.38023040869
46.675	1.26543520565
46.7	1.11841587734
46.725	0.94396577718
46.75	0.747922689959
46.775	0.536945030397
46.8	0.318256511102
46.825	0.0993690918484
46.85	-0.112205143287
46.875	-0.309242108854
46.9	-0.485082768993
46.925	-0.633888469862
46.95	-0.750864741606
46.975	-0.832444969645
47.0	-0.876426877255
47.025	-0.88205657485
47.05	-0.850056946378
47.075	-0.782599282302
47.1	-0.683219249684
47.125	-0.556680428945
47.15	-0.408790661882
47.175	-0.246178268955
47.2	-0.0760367360583
47.225	0.0941523173237
47.25	0.256907242006
47.275	0.405034463018
47.3	0.531905511499
47.325	0.63171233802
47.35	0.699691095427
47.375	0.732305790993
47.4	0.727384749857
47.425	0.684204645184
47.45	0.603518865459
47.475	0.487529128406
47.5	0.339801432052
47.525	0.165129572535
47.55	-0.0306485267673
47.575	-0.240874616744
47.6	-0.458325454492
47.625	-0.67548985375
47.65	-0.884856807271
47.675	-1.07920360909
47.7	-1.2518729046
47.725	-1.39702802196
47.75	-1.50987677283
47.775	-1.58685512217
47.8	-1.6257636693
47.825	-1.62585169531
47.85	-1.58784554751
47.875	-1.51392027025
47.9	-1.40761557264
47.925	-1.27369936279
47.95	-1.11798409311
47.975	-0.947102974766
48.0	-0.768254661324
48.025	-0.588926213726
48.05	-0.416604992982
48.075	-0.258490552684
48.1	-0.121217603381
48.125	-0.0106006953522
48.15	0.0685895683011
48.175	0.112810188024
48.2	0.119882235631
48.225	0.0890748889985
48.25	0.0211338040386
48.275	-0.0817472665434
48.3	-0.21601051721
48.325	-0.376870566664
48.35	-0.558498123459
48.375	-0.754243782113
48.4	-0.95689334952
48.425	-1.15894488973
48.45	-1.35289684055
48.475	-1.53153612987
48.5	-1.68821521979
48.525	-1.81710743182
48.55	-1.91343074139
48.575	-1.97363144135
48.6	-1.99552061648
48.625	-1.97835818444
48.65	-1.92288127351
48.675	-1.83127584669
48.7	-1.70709266262
48.725	-1.55511080287
48.75	-1.38115401031
48.775	-1.19186689645
48.8	-0.994459618005
48.825	-0.796430834673
48.85	-0.605279594561
48.875	-0.428217219411
48.9	-0.271890261615
48.925	-0.142125179585
48.95	-0.0437045434099
48.975	0.0198166289998
49.0	0.0462473472405
49.025	0.0348446906497
49.05	-0.0136578121594
49.075	-0.097078556963
49.1	-0.211871900294
49.125	-0.353264628913
49.15	-0.515439617816
49.175	-0.691759618741
49.2	-0.875022578989
49.225	-1.05773867861
49.25	-1.23241843942
49.275	-1.39186083381
49.3	-1.52943032132
49.325	-1.63931216633
49.35	-1.71673622513
49.375	-1.75816060199
49.4	-1.76140811629
49.425	-1.7257503361
49.45	-1.65193594871
49.475	-1.54216237744
49.5	-1.39999173542
49.525	-1.23021434581
49.55	-1.0386650731
49.575	-0.831999523517
49.6	-0.617438714753
49.625	-0.402492026891
49.65	-0.194669081181
49.675	-0.00119161863695
49.7	0.171283549453
49.725	0.31691987257
49.75	0.430924861618
49.775	0.509733758972
49.8	0.551146019898
49.825	0.554409360758
49.85	0.520248144393
49.875	0.45083501219
49.9	0.349706853314
49.925	0.221628340709
49.95	0.0724082784287
49.975	-0.0913241816748
50.0	-0.262374853704
50.025	-0.43326154999
50.05	-0.596502185345
50.075	-0.744902881244
50.1	-0.871834997914
50.125	-0.971490447759
50.15	-1.03910547823
50.175	-1.07114432392
50.2	-1.06543566986
50.225	-1.02125668144
50.25	-0.939361371414
50.275	-0.821952213427
50.3	-0.672596092598
50.325	-0.496087822774
50.35	-0.298266475033
50.375	-0.0857915754479
50.4	0.134112227646
50.425	0.353932214962
50.45	0.566155719599
50.475	0.763558250335
50.5	0.939480542842
50.525	1.08808389226
50.55	1.2045739552
50.575	1.28538442095
50.6	1.32831349385
50.625	1.33260794231
50.65	1.29899148477
50.675	1.22963642215
50.7	1.12807960733
50.725	0.999085981143
50.75	0.848464919564
50.775	0.682846450022
50.8	0.50942593711
50.825	0.335687049571
50.85	0.169113655118
50.875	0.0169017151427
50.9	-0.114317748678
50.925	-0.218733969297
50.95	-0.291580218841
50.975	-0.329317462556
51.0	-0.329770824157
51.025	-0.292213617981
51.05	-0.217395718386
51.075	-0.10751517586
51.1	0.0338658296152
51.125	0.20195746838
51.15	0.390925929477
51.175	0.5941172196
51.2	0.804312492366
51.225	1.01400509601
51.25	1.2156886929
51.275	1.40214537893
51.3	1.56672273056
51.325	1.70358913316
51.35	1.80795757853
51.375	1.87626933159
51.4	1.90633040797
51.425	1.89739561816
51.45	1.85019694842
51.475	1.76691518814
51.5	1.65109589391
51.525	1.50751292017
51.55	1.34198476074
51.575	1.16115075952
51.6	0.972215790305
51.625	0.782673217866
51.65	0.60001678671
51.675	0.4314525096
51.7	0.283621627893
51.725	0.16234529023
51.75	0.0724007615101
51.775	0.0173377623538
51.8	-0.000658002918689
51.825	0.0191511147842
51.85	0.0760263330846
51.875	0.167780815084
51.9	0.290863709001
51.925	0.440496620897
51.95	0.610857275921
51.975	0.795303310038
52.0	0.98662759204
52.025	1.17733526391
52.05	1.35993185301
52.075	1.52721138395
52.1	1.67253341832
52.125	1.79007837541
52.15	1.87507132232
52.175	1.92396563301
52.2	1.93457945839
52.225	1.90617976283
52.25	1.83951069755
52.275	1.73676522028
52.3	1.60150105182
52.325	1.438504199
52.35	1.2536052887
52.375	1.0534557709
52.4	0.845272590966
52.425	0.636561143179
52.45	0.434827151965
52.475	0.247288552941
52.5	0.0805984457976
52.525	-0.0594102344209
52.55	-0.167948515712
52.575	-0.241455056964
52.6	-0.277732627245
52.625	-0.27603215193
52.65	-0.237081096084
52.675	-0.163055094588
52.7	-0.0574939195003
52.725	0.0748349857456
52.75	0.228120160738
52.775	0.395729913062
52.8	0.570467633637
52.825	0.744848830512
52.85	0.911389234547
52.875	1.06289290497
52.9	1.19272926275
52.925	1.29508840524
52.95	1.36520489016
52.975	1.39954138879
53.0	1.39592515018
53.025	1.35363203205
53.05	1.27341486854
53.075	1.15747508451
53.1	1.00937864676
53.125	0.833919581884
53.15	0.636936305238
53.175	0.425087819128
53.2	0.205598380403
53.225	-0.0140195506185
53.25	-0.22625343331
53.275	-0.423878769965
53.3	-0.60023615701
53.325	-0.749486617666
53.35	-0.866835404117
53.375	-0.948715668974
53.4	-0.992924948
53.425	-0.998709209509
53.45	-0.966791240851
53.475	-0.899342281456
53.5	-0.799897992944
53.525	-0.673221995894
53.55	-0.525122217835
53.575	-0.362227110477
53.6	-0.191730336399
53.625	-0.0211137371027
53.65	0.142140771026
53.675	0.290839300794
53.7	0.418353026289
53.725	0.518873496431
53.75	0.587636418062
53.775	0.621105308378
53.8	0.617107958674
53.825	0.574920464837
53.85	0.495295595004
53.875	0.380434403865
53.9	0.233902184141
53.925	0.060491984836
53.95	-0.133959059167
53.975	-0.342793528124
54.0	-0.558789048852
54.025	-0.774435344613
54.05	-0.982222356926
54.075	-1.17492836723
54.1	-1.34589704638
54.125	-1.48929278535
54.15	-1.60032449535
54.175	-1.67542927694
54.2	-1.71240890036
54.225	-1.71051385221
54.25	-1.67047171916
54.275	-1.59445881798
54.3	-1.48601616247
54.325	-1.34991299691
54.35	-1.19196314048
54.375	-1.01880120089
54.4	-0.837627257147
54.425	-0.655929823632
54.45	-0.481197741895
54.475	-0.320632072239
54.5	-0.180869057151
54.525	-0.0677248031203
54.55	0.0140285072428
54.575	0.060846272563
54.6	0.0705479415226
54.625	0.0424010485702
54.65	-0.0228504130781
54.675	-0.123014371645
54.7	-0.254534719698
54.725	-0.412627790168
54.75	-0.591466020876
54.775	-0.784401749581
54.8	-0.984222539292
54.825	-1.18342822195
54.85	-1.37451901393
54.875	-1.55028363126
54.9	-1.70407633261
54.925	-1.8300722434
54.95	-1.92349114913
54.975	-1.98078115783
55.0	-1.99975517336
55.025	-1.97967493526
55.05	-1.92127939534
55.075	-1.82675634066
55.1	-1.69965835326
55.125	-1.54476633639
55.15	-1.36790585167
55.175	-1.17572332531
55.2	-0.975430723573
55.225	-0.77452850939
55.25	-0.580517526667
55.275	-0.400610884392
55.3	-0.241456912532
55.325	-0.108883836291
55.35	-0.00767598066148
55.375	0.0586098945233
55.4	0.087781071011
55.425	0.0790929154417
55.45	0.033277259954
55.475	-0.0474859704204
55.5	-0.159652793074
55.525	-0.298451636259
55.55	-0.458066996063
55.575	-0.631863223911
55.6	-0.812639844379
55.625	-0.992908591397
55.65	-1.1651815163
55.675	-1.32225909568
55.7	-1.45750726698
55.725	-1.56511274536
55.75	-1.64030680976
55.775	-1.67954895811
55.8	-1.68066337361
55.825	-1.64292295746
55.85	-1.56707769853
55.875	-1.45532628936
55.9	-1.31123207917
55.925	-1.13958659329
55.95	-0.946225863698
55.975	-0.737806628739
56.0	-0.521551002087
56.025	-0.304969423036
56.05	-0.0955725345894
56.075	0.0994169385742
56.1	0.273341240211
56.125	0.42036291414
56.15	0.535688605466
56.175	0.615752731169
56.2	0.658353962037
56.225	0.662739271365
56.25	0.6296323208
56.275	0.561205092847
56.3	0.460993860515
56.325	0.333762723695
56.35	0.185319956861
56.375	0.0222942260809
56.4	-0.148120724432
56.425	-0.318443104313
56.45	-0.481191181053
56.475	-0.629171383963
56.5	-0.755755336062
56.525	-0.855135167346
56.55	-0.922547297522
56.575	-0.954456087984
56.6	-0.948690305039
56.625	-0.90452714979
56.65	-0.822720625095
56.675	-0.705473149108
56.7	-0.556351505901
56.725	-0.380150362784
56.75	-0.182708598887
56.775	0.0293144969425
56.8	0.248694558732
56.825	0.467919194518
56.85	0.679476109472
56.875	0.87614122897
56.9	1.05125574954
56.925	1.19898147116
56.95	1.31452459892
56.975	1.39431941392
57.0	1.43616475525
57.025	1.43930806861
57.05	1.40447379186
57.075	1.33383498702
57.1	1.23092930927
57.125	1.10052254244
57.15	0.948424945666
57.175	0.781267469169
57.2	0.606246439369
57.225	0.430846525279
57.25	0.262552632701
57.275	0.10856179828
57.3	-0.0244938445542
57.325	-0.130802381203
57.35	-0.205595901156
57.375	-0.245334152681
57.4	-0.247841008926
57.425	-0.212388500862
57.45	-0.139725187478
57.475	-0.0320477727182
57.5	0.107082940322
57.525	0.27287852834
57.55	0.459506615337
57.575	0.660314670663
57.6	0.86808533738
57.625	1.07531347902
57.65	1.27449429817
57.675	1.45841145487
57.7	1.6204141127
57.725	1.75467226613
57.75	1.85640053704
57.775	1.92204184037
57.8	1.94940386069
57.825	1.9377430953
57.85	1.88779323414
57.875	1.80173678598
57.9	1.6831210415
57.925	1.53672160284
57.95	1.36835872402
57.975	1.18467352053
58.0	0.992872648085
58.025	0.800451262557
58.05	0.614904907612
58.075	0.443441402122
58.1	0.292703799366
58.125	0.168515064595
58.15	0.0756542828579
58.175	0.0176729973396
58.2	-0.00324126380593
58.225	0.0136509724779
58.25	0.0676127467691
58.275	0.156459042977
58.3	0.276640826841
58.325	0.423381517524
58.35	0.590860647716
58.375	0.772437654242
58.4	0.960907198946
58.425	1.14877620793
58.45	1.32855198261
58.475	1.49303031054
58.5	1.63557250395
58.525	1.75036071946
58.55	1.83262174703
58.575	1.87881066798
58.6	1.88674732399
58.625	1.85570035261
58.65	1.78641555948
58.675	1.6810875371
58.7	1.54327562027
58.725	1.37776740807
58.75	1.19039509692
58.775	0.987811682582
58.8	0.777235631526
58.825	0.566173833501
58.85	0.362133481826
58.875	0.172333953518
58.9	0.00342976127617
58.925	-0.138744776125
58.95	-0.249399333092
58.975	-0.324971245912
59.0	-0.363261992861
59.025	-0.363521241144
59.05	-0.326475231063
59.075	-0.254298406908
59.1	-0.150529385061
59.125	-0.019934488918
59.15	0.131675904808
59.175	0.297671150386
59.2	0.47085564775
59.225	0.643745875662
59.25	0.80885849679
59.275	0.958998462681
59.3	1.08753604657
59.325	1.18866215751
59.35	1.25761212382
59.375	1.29084934581
59.4	1.28620175956
59.425	1.24294586733
59.45	1.16183510497
59.475	1.04507145581
59.5	0.896221401537
59.525	0.720079439736
59.55	0.522484412548
59.575	0.310095704604
59.6	0.0901379103715
59.625	-0.129876217121
59.65	-0.342433889638
59.675	-0.540310407115
59.7	-0.716846208999
59.725	-0.866202207007
59.75	-0.983583587366
59.775	-1.06542348232
59.8	-1.10951945285
59.825	-1.1151175381
59.85	-1.08294064177
59.875	-1.0151601651
59.9	-0.915311976911
59.925	-0.788159950199
59.95	-0.639512309998
59.975	-0.475997850414
60.0	-0.304810621102
60.025	-0.133432895074
60.05	0.0306529356043
60.075	0.180252464189
60.1	0.308736301675
60.125	0.410295390692
60.15	0.480164788981
60.175	0.514807322224
60.2	0.512050048227
60.225	0.471168287873
60.25	0.392913993256
60.275	0.2794873625
60.3	0.134452791775
60.325	-0.0373976058977
60.35	-0.230227670461
60.375	-0.43738099523
60.4	-0.651636257682
60.425	-0.865484268683
60.45	-1.07141609362
60.475	-1.26221117338
60.5	-1.43121437305
60.525	-1.57259131201
60.55	-1.68155216312
60.575	-1.75453532118
60.6	-1.78934388235
60.625	-1.7852296901
60.65	-1.74292171799
60.675	-1.66459769885
60.7	-1.55380009088
60.725	-1.41529961009
60.75	-1.25491157394
60.775	-1.0792721139
60.8	-0.895582857355
60.825	-0.711333890676
60.85	-0.534015650036
60.875	-0.370830812005
60.9	-0.228417255963
60.925	-0.112592744902
60.95	-0.0281311365052
60.975	0.0214212752535
61.0	0.0338822299916
61.025	0.00851753769393
61.05	-0.0539305472084
61.075	-0.151271704957
61.1	-0.279951592279
61.125	-0.435188317298
61.15	-0.611156102962
61.175	-0.801209080962
61.2	-0.998136615933
61.225	-1.19444034801
61.25	-1.38262230718
61.275	-1.55547302741
61.3	-1.70634858846
61.325	-1.82942593885
61.35	-1.91992668812
61.375	-1.97430076802
61.4	-1.99036290478
61.425	-1.96737665778
61.45	-1.90608279498
61.475	-1.8086709148
61.5	-1.6786954047
61.525	-1.5209389663
61.55	-1.34122895137
61.575	-1.14621356699
61.6	-0.943106549889
61.625	-0.739410121888
61.65	-0.542626873197
61.675	-0.359971645379
61.7	-0.198094486177
61.725	-0.0628253227
61.75	0.041049835094
61.775	0.109972560395
61.8	0.141748487004
61.825	0.135631353678
61.85	0.0923513857507
61.875	0.0140869235305
61.9	-0.0956196120234
61.925	-0.231998186762
61.95	-0.389234809363
61.975	-0.560695317884
62.0	-0.739180696649
62.025	-0.91720411154
62.05	-1.08727901715
62.075	-1.24220726376
62.1	-1.37535613209
62.125	-1.48091364928
62.15	-1.55411237418
62.175	-1.59141305175
62.2	-1.59064107855
62.225	-1.5510705347
62.25	-1.47345255284
62.275	-1.35998693341
62.3	-1.21423809696
62.325	-1.04099860288
62.35	-0.846105479395
62.375	-0.636216422517
62.4	-0.418554464518
62.425	-0.200630923604
62.45	0.0100427185401
62.475	0.206242939306
62.5	0.381311225772
62.525	0.529409406804
62.55	0.645743454725
62.575	0.726747156323
62.6	0.770218595185
62.625	0.775404200752
62.65	0.743027134513
62.675	0.675258922818
62.7	0.575635426813
62.725	0.448920379073
62.75	0.300921731534
62.775	0.138267872701
62.8	-0.0318476856182
62.825	-0.20194334017
62.85	-0.364537500142
62.875	-0.512436691036
62.9	-0.639012586502
62.925	-0.738457321572
62.95	-0.80600727539
62.975	-0.838126723214
63.0	-0.832644299697
63.025	-0.788837028852
63.05	-0.707458691121
63.075	-0.590711437054
63.1	-0.442161738102
63.125	-0.266603904127
63.15	-0.0698764122141
63.175	0.141361895188
63.2	0.359887142574
63.225	0.578187472211
63.25	0.788751166932
63.275	0.984354772842
63.3	1.15834014988
63.325	1.30486980371
63.35	1.41915068692
63.375	1.49761786946
63.4	1.53807102016
63.425	1.5397584548
63.45	1.5034055211
63.475	1.4311862302
63.5	1.32663922504
63.525	1.19453131521
63.55	1.04067382302
63.575	0.871698798557
63.6	0.694803704155
63.625	0.517474380054
63.65	0.347196937876
63.675	0.19116965392
63.7	0.0560259343302
63.725	-0.0524210013151
63.75	-0.129401906076
63.775	-0.171375161175
63.8	-0.176163242956
63.825	-0.1430367567
63.85	-0.0727428077059
63.875	0.0325233808577
63.9	0.169202512832
63.925	0.332507697074
63.95	0.516608114005
63.975	0.714852812687
64.0	0.920026038197
64.025	1.12462427738
64.05	1.32114437643
64.075	1.50237165825
64.1	1.66165696751
64.125	1.79317199692
64.15	1.89213308274
64.175	1.95498486929
64.2	1.97953678452
64.225	1.96504708194
64.25	1.91225121949
64.275	1.82333348458
64.3	1.70184295614
64.325	1.55255703292
64.35	1.38129777291
64.375	1.19470810175
64.4	0.999996490346
64.425	0.80465991369
64.45	0.616195737347
64.475	0.441813603733
64.5	0.288158390175
64.525	0.161054885332
64.55	0.0652839958944
64.575	0.00439908376661
64.6	-0.0194105082245
64.625	-0.00540349753481
64.65	0.0456849595858
64.675	0.131671642776
64.7	0.249009304941
64.725	0.392923142726
64.75	0.557594455514
64.775	0.736384434923
64.8	0.922089484597
64.825	1.10721825836
64.85	1.28427977018
64.875	1.44607150395
64.9	1.58595645093
64.925	1.69811842841
64.95	1.77778586769
64.975	1.82141547099
65.0	1.82682867949
65.025	1.79329570779
65.05	1.72156391522
65.075	1.61382942356
65.1	1.47365307158
65.125	1.30582393606
65.15	1.11617566392
65.175	0.911362673316
65.2	0.69860482414
65.225	0.48541036969
65.25	0.279287836125
65.275	0.0874579017604
65.3	-0.0834236517694
65.325	-0.227521269903
65.35	-0.340043425183
65.375	-0.417426286709
65.4	-0.457470200973
65.425	-0.459423739508
65.45	-0.424012083739
65.475	-0.353408656538
65.5	-0.251151090965
65.525	-0.122004765806
65.55	0.0282208475373
65.575	0.192895968775
65.6	0.364825822878
65.625	0.536527672717
65.65	0.70051892366
65.675	0.849605228071
65.7	0.977157517695
65.725	1.07736731735
65.75	1.14547052803
65.775	1.17793107924
65.8	1.17257739245
65.825	1.12868641121
65.85	1.04701196828
65.875	0.92975639927
65.9	0.780486493311
65.925	0.60399701037
65.95	0.406127009783
65.975	0.193536048028
66.0	-0.0265511540239
66.025	-0.246621762469
66.05	-0.459162953773
66.075	-0.656950038172
66.1	-0.833323511005
66.125	-0.982444385439
66.15	-1.09951799465
66.175	-1.18097766322
66.2	-1.22462118977
66.225	-1.2296948962
66.25	-1.19692201392
66.275	-1.12847431666
66.3	-1.02788809023
66.325	-0.899927668867
66.35	-0.750401782829
66.375	-0.585939775097
66.4	-0.413736287513
66.425	-0.241274228216
66.45	-0.0760366669473
66.475	0.0747812697574
66.5	0.204549431426
66.525	0.307457958028
66.55	0.37874106395
66.575	0.414860691353
66.6	0.413642974907
66.625	0.374362273322
66.65	0.297769538081
66.675	0.186063928888
66.7	0.0428087663322
66.725	-0.127204948639
66.75	-0.318142203835
66.775	-0.523347775516
66.8	-0.735601558439
66.825	-0.947395614333
66.85	-1.15122229224
66.875	-1.33986234868
66.9	-1.5066619956
66.925	-1.64578822948
66.95	-1.75245262982
66.975	-1.82309502663
67.0	-1.85551997898
67.025	-1.84898081999
67.05	-1.80420803875
67.075	-1.72338090854
67.1	-1.6100434519
67.125	-1.46896797217
67.15	-1.3059713961
67.175	-1.12769148542
67.2	-0.941331517699
67.225	-0.754383248421
67.25	-0.574338800736
67.275	-0.408402555002
67.3	-0.263214110141
67.325	-0.14459296336
67.35	-0.0573147201484
67.375	-0.00492743478486
67.4	0.0103848606442
67.425	-0.0121138058716
67.45	-0.071682971074
67.475	-0.166134114435
67.5	-0.291914698848
67.525	-0.444244644406
67.55	-0.617299990699
67.575	-0.804436689598
67.6	-0.998445928318
67.625	-1.19183117083
67.65	-1.3770962711
67.675	-1.54703358601
67.7	-1.69500101611
67.725	-1.81517732743
67.75	-1.90278594253
67.775	-1.95427860068
67.8	-1.9674718289
67.825	-1.94163097952
67.85	-1.87749860456
67.875	-1.7772660764
67.9	-1.64448954534
67.925	-1.48395346351
67.95	-1.30148691989
67.975	-1.10373984431
68.0	-0.897927680689
68.025	-0.691554341495
68.05	-0.492124089915
68.075	-0.306853421803
68.1	-0.142394019469
68.125	-0.00457742383696
68.15	0.101808763071
68.175	0.173204545133
68.2	0.207414010571
68.225	0.20368937726
68.25	0.162759375297
68.275	0.0868008763407
68.3	-0.0206451398033
68.325	-0.154810051737
68.35	-0.309881251604
68.375	-0.479225930782
68.4	-0.655646395919
68.425	-0.831657103401
68.45	-0.999772765699
68.475	-1.15279645756
68.5	-1.28409664998
68.525	-1.38786252546
68.55	-1.45932776257
68.575	-1.49495418966
68.6	-1.49256824962
68.625	-1.45144503126
68.65	-1.37233663758
68.675	-1.2574438005
68.7	-1.1103318325
68.725	-0.935794144925
68.75	-0.739668577292
68.775	-0.528613595869
68.8	-0.30985296159
68.825	-0.0908986792963
68.85	0.120737125147
68.875	0.317830327811
68.9	0.49372185769
68.925	0.642573029149
68.95	0.759589343916
68.975	0.841204162386
69.0	0.885215186217
69.025	0.890868507626
69.05	0.858886995796
69.075	0.791441929869
69.1	0.692068969033
69.125	0.56553168929
69.15	0.417637931473
69.175	0.255016018537
69.2	0.0848594423251
69.225	-0.0853501682766
69.25	-0.248131151235
69.275	-0.396289915294
69.3	-0.52319797188
69.325	-0.623047248434
69.35	-0.691073871274
69.375	-0.723741817758
69.4	-0.718879379743
69.425	-0.675763193771
69.45	-0.59514660838
69.475	-0.479231298048
69.5	-0.33158321429
69.525	-0.156996103486
69.55	0.038692163948
69.575	0.248823395046
69.6	0.466174406187
69.625	0.683234073499
69.65	0.89249145519
69.675	1.08672391377
69.7	1.25927416609
69.725	1.40430561473
69.75	1.5170261486
69.775	1.59387181283
69.8	1.63264328964
69.825	1.63258994579
69.85	1.59443821695
69.875	1.52036323844
69.9	1.41390481293
69.925	1.27983094461
69.95	1.12395418443
69.975	0.952907844472
70.0	0.773890681558
70.025	0.594389862159
70.05	0.421892855012
70.075	0.263599323569
70.1	0.126144090306
70.125	0.0153418194223
70.15	-0.0640367701338
70.175	-0.10844856111
70.2	-0.115714505846
70.225	-0.0851036610363
70.25	-0.0173615597883
70.275	0.0853181695521
70.3	0.219377847279
70.325	0.380032219322
70.35	0.561452122775
70.375	0.756988281934
70.4	0.959426634623
70.425	1.1612653769
70.45	1.35500307954
70.475	1.53342680437
70.5	1.68988914818
70.525	1.81856356795
70.55	1.91466817522
70.575	1.97464939953
70.6	1.99631846282
70.625	1.9789354203
70.65	1.92323753815
70.675	1.83141091745
70.7	1.70700645508
70.725	1.55480337092
70.75	1.38062554608
70.775	1.19111773021
70.8	0.99349021796
70.825	0.795241806668
70.85	0.603871681698
70.875	0.426591301591
70.9	0.270047354983
70.925	0.140066435898
70.95	0.0414312493158
70.975	-0.0223030527663
71.0	-0.0489453467456
71.025	-0.0377525797315
71.05	0.0105418508369
71.075	0.0937564707742
71.1	0.208345765434
71.125	0.349536649103
71.15	0.51151212292
71.175	0.687635063317
71.2	0.87070354075
71.225	1.05322785681
71.25	1.22771865318
71.275	1.38697502035
71.3	1.5243615341
71.325	1.63406357319
71.35	1.71131110626
71.375	1.75256234792
71.4	1.75564022574
71.425	1.71981641382
71.45	1.6458397032
71.475	1.53590761867
71.5	1.3935823724
71.525	1.22365438418
71.55	1.03195861262
71.575	0.82515075552
71.6	0.610451919489
71.625	0.39537157088
71.65	0.187419414476
71.675	-0.00618272795586
71.7	-0.178777967207
71.725	-0.324529677719
71.75	-0.438645298281
71.775	-0.517560002127
71.8	-0.559073178398
71.825	-0.562432480387
71.85	-0.528362210962
71.875	-0.459034954672
71.9	-0.357987547012
71.925	-0.229984610459
71.95	-0.0808349018337
71.975	0.0828324709801
72.0	0.253823362762
72.025	0.424655623205
72.05	0.587847201139
72.075	0.736204248703
72.1	0.863098153399
72.125	0.962720851514
72.15	1.03030861097
72.175	1.0623256834
72.2	1.05660076743
72.225	1.01241103864
72.25	0.930510516482
72.275	0.813101677857
72.3	0.663751407686
72.325	0.487254516161
72.35	0.289450067248
72.375	0.0769975764586
72.4	-0.142878321876
72.425	-0.36266492591
72.45	-0.574849589605
72.475	-0.772207846012
72.5	-0.948080458475
72.525	-1.09662875318
72.55	-1.21305842115
72.575	-1.29380318941
72.6	-1.33666130337
72.625	-1.34087957578
72.65	-1.30718177269
72.675	-1.23774024585
72.7	-1.13609190218
72.725	-1.00700173973
72.75	-0.856279194795
72.775	-0.690554358228
72.8	-0.517022661099
72.825	-0.343167841637
72.85	-0.176473840011
72.875	-0.024136692985
72.9	0.107212499511
72.925	0.211762889356
72.95	0.284747664822
72.975	0.322627704585
73.0	0.323228043113
73.025	0.28582190289
73.05	0.211159063862
73.075	0.10143747961
73.1	-0.0397807692308
73.125	-0.207705954715
73.15	-0.396504369916
73.175	-0.599522127798
73.2	-0.809540490432
73.225	-1.01905291661
73.25	-1.22055318132
73.275	-1.40682349502
73.3	-1.57121155065
73.325	-1.70788585188
73.35	-1.81205951058
73.375	-1.88017391338
73.4	-1.91003519928
73.425	-1.9008983036
73.45	-1.85349533894
73.475	-1.77000722234
73.5	-1.65397963938
73.525	-1.51018657465
73.55	-1.3444466533
73.575	-1.16339935155
73.6	-0.974249676506
73.625	-0.784491127128
73.65	-0.601617582898
73.675	-0.432835192269
73.7	-0.28478533291
73.725	-0.163289290318
73.75	-0.0731244666998
73.775	-0.017840720353
73.8	0.000376106442361
73.825	-0.0192117735615
73.85	-0.0758657162531
73.875	-0.167399023024
73.9	-0.29026098032
73.925	-0.439673332281
73.95	-0.609813941899
73.975	-0.794040582659
74.0	-0.985146260468
74.025	-1.17563625393
74.05	-1.35801622644
74.075	-1.52508033801
74.1	-1.67018828483
74.125	-1.78752062001
74.15	-1.87230254352
74.175	-1.92098756121
74.2	-1.93139395478
74.225	-1.90278881826
74.25	-1.83591643124
74.275	-1.73296987853
74.3	-1.59750700659
74.325	-1.43431394645
74.35	-1.2492214476
74.375	-1.048881081
74.4	-0.840509911304
74.425	-0.631613450273
74.45	-0.429697537962
74.475	-0.241980223683
74.5	-0.075114718817
74.525	0.0650659319727
74.55	0.173772649208
74.575	0.247443986511
74.6	0.283882609957
74.625	0.282339344267
74.65	0.243541556256
74.675	0.169664785019
74.7	0.0642487093477
74.725	-0.0679393180051
74.75	-0.221087924672
74.775	-0.388565503589
74.8	-0.563175528281
74.825	-0.7374335866
74.85	-0.903855486366
74.875	-1.05524536087
74.9	-1.18497270219
74.925	-1.28722767582
74.95	-1.35724490459
74.975	-1.39148712179
75.0	-1.38778163541
75.025	-1.34540435894
75.05	-1.26510817912
75.075	-1.14909457018
75.1	-1.00092954508
75.125	-0.825407173267
75.15	-0.62836590966
75.175	-0.416464792807
75.2	-0.19692811245
75.225	0.0227316415681
75.25	0.235001902483
75.275	0.432658149853
75.3	0.609040960787
75.325	0.758311342614
75.35	0.875674535072
75.375	0.957563681767
75.4	1.00177631291
75.425	1.00755839472
75.45	0.975632715915
75.475	0.908170520735
75.5	0.808707479077
75.525	0.682007223239
75.55	0.53387769591
75.575	0.370947367394
75.6	0.200409922281
75.625	0.0297472274907
75.65	-0.133558771782
75.675	-0.282314156164
75.7	-0.409890064211
75.725	-0.510478005981
75.75	-0.579313646149
75.775	-0.612860456463
75.8	-0.60894617952
75.825	-0.566846859292
75.85	-0.487315208808
75.875	-0.372552224498
75.9	-0.226123137711
75.925	-0.0528209329925
75.95	0.141517322266
75.975	0.350234278811
76.0	0.566107636898
76.025	0.78162719614
76.05	0.989282977261
76.075	1.18185334372
76.1	1.35268205113
76.125	1.49593357796
76.15	1.60681692554
76.175	1.68176928715
76.2	1.71859252829
76.225	1.71653723329
76.25	1.67633108898
76.275	1.60015051462
76.3	1.49153662881
76.325	1.35525878283
76.35	1.19713090506
76.375	1.02378771442
76.4	0.842429403227
76.425	0.660544601077
76.45	0.485622266619
76.475	0.324863579059
76.5	0.184904901513
76.525	0.0715624627522
76.55	-0.0103914307531
76.575	-0.0574120522699
76.6	-0.067318723702
76.625	-0.0393788513782
76.65	0.0256637008668
76.675	0.125616991817
76.7	0.256925045701
76.725	0.414804328125
76.75	0.593427410522
76.775	0.786146765112
76.8	0.985750090129
76.825	1.18473735343
76.85	1.37560890788
76.875	1.55115360653
76.9	1.7047258455
76.925	1.83050088798
76.95	1.92369865752
76.975	1.98076740033
77.0	1.99952015858
77.025	1.97921881007
77.05	1.92060244481
77.075	1.82585898786
77.1	1.69854115901
77.125	1.54342999889
77.15	1.36635120609
77.175	1.17395134325
77.2	0.973442512478
77.225	0.772325311818
77.25	0.578100719546
77.275	0.397981978147
77.3	0.238617550144
77.325	0.105835792269
77.35	0.0044211599338
77.375	-0.0620694577996
77.4	-0.0914432147214
77.425	-0.0829553508658
77.45	-0.0373375731953
77.475	0.0432303169257
77.5	0.155204458971
77.525	0.293813401611
77.55	0.453241759616
77.575	0.626854001281
77.6	0.807449766167
77.625	0.987540901232
77.65	1.15963956881
77.675	1.31654635441
77.7	1.45162730221
77.725	1.55906923187
77.75	1.63410352454
77.775	1.67318977802
77.8	1.67415227293
77.825	1.63626400543
77.85	1.56027505676
77.875	1.44838420929
77.9	1.30415489937
77.925	1.13237873676
77.95	0.938891835118
77.975	0.73035101164
78.0	0.513978455988
78.025	0.297284680531
78.05	0.0877803983916
78.075	-0.107311598633
78.1	-0.281333490225
78.125	-0.428447759213
78.15	-0.543860992833
78.175	-0.624007553354
78.2	-0.666686060045
78.225	-0.671143437905
78.25	-0.638103303543
78.275	-0.569737597704
78.3	-0.469582554948
78.325	-0.34240224005
78.35	-0.194004895721
78.375	-0.0310191596417
78.4	0.139361248969
78.425	0.309654561336
78.45	0.472379063115
78.475	0.62034119835
78.5	0.746912601353
78.525	0.846285409963
78.55	0.913696048275
78.575	0.945608878615
78.6	0.939852664767
78.625	0.895704601852
78.65	0.813918683296
78.675	0.696697314375
78.7	0.547607262846
78.725	0.371443176272
78.75	0.174043910628
78.775	-0.0379312718004
78.8	-0.257258034985
78.825	-0.476424020273
78.85	-0.687916969489
78.875	-0.884512847986
78.9	-1.05955289557
78.925	-1.20719895875
78.95	-1.32265729242
78.975	-1.40236223065
79.0	-1.44411266871
79.025	-1.44715611162
79.05	-1.41221705964
79.075	-1.34146864029
79.1	-1.23844857724
79.125	-1.10792272581
79.15	-0.955701419567
79.175	-0.78841568604
79.2	-0.613261931807
79.225	-0.437724908829
79.25	-0.269289608598
79.275	-0.115153156133
79.3	0.0180522241292
79.325	0.124514524009
79.35	0.199465736899
79.375	0.239365512514
79.4	0.242037623055
79.425	0.206753996215
79.45	0.134263085436
79.475	0.0267614869175
79.5	-0.112190106125
79.525	-0.277803382333
79.55	-0.464246079646
79.575	-0.664865783277
79.6	-0.872445254003
79.625	-1.07947947484
79.65	-1.27846376959
79.675	-1.46218192108
79.7	-1.6239832173
79.725	-1.75803777853
79.75	-1.85956035392
79.775	-1.92499398693
79.8	-1.95214649194
79.825	-1.9402744972
79.85	-1.89011182463
79.875	-1.80384111602
79.9	-1.68500979596
79.925	-1.53839360129
79.95	-1.36981292153
79.975	-1.18590900827
80.0	-0.993888653923
80.025	-0.801247151517
80.05	-0.61548018229
80.075	-0.443795702989
80.1	-0.292836904996
80.125	-0.168426891801
80.15	-0.0753448867451
80.175	-0.0171425712705
80.2	0.00399238833227
80.225	-0.0126796189227
80.25	-0.0664217712493
80.275	-0.155049189814
80.3	-0.275012977146
80.325	-0.421536688651
80.35	-0.588799992623
80.375	-0.770162460771
80.4	-0.958418889019
80.425	-1.14607633666
80.45	-1.32564223733
80.475	-1.48991250974
80.5	-1.63224859616
80.525	-1.74683278201
80.55	-1.82889198477
80.575	-1.87488141189
80.6	-1.88262102973
80.625	-1.85137959897
80.65	-1.7819030468
80.675	-1.67638608555
80.7	-1.5383881681
80.725	-1.37269700979
80.75	-1.18514492135
80.775	-0.982385010916
80.8	-0.771635855258
80.825	-0.560404452308
80.85	-0.356198101384
80.875	-0.166236283248
80.9	0.00282638797798
80.925	0.145155494473
80.95	0.255960614044
80.975	0.331678988881
81.0	0.370112005726
81.025	0.370509242869
81.05	0.333596854376
81.075	0.261549201025
81.1	0.157904818472
81.125	0.0274299522173
81.15	-0.124065096041
81.175	-0.289949752659
81.2	-0.463028486686
81.225	-0.635817842981
81.25	-0.800834547254
81.275	-0.950883610998
81.3	-1.07933536426
81.325	-1.18038076973
81.35	-1.24925520617
81.375	-1.28242212109
81.4	-1.2777094945
81.425	-1.23439386933
81.45	-1.15322871876
81.475	-1.03641606009
81.5	-0.887522405649
81.525	-0.711342280269
81.55	-0.513714549943
81.575	-0.301298619739
81.6	-0.0813191011387
81.625	0.138711239252
81.65	0.351279603068
81.675	0.54916128356
81.7	0.725696716949
81.725	0.875046815183
81.75	0.992416768176
81.775	1.07423971531
81.8	1.11831322817
81.825	1.12388335992
81.85	1.09167303173
81.875	1.02385366576
81.9	0.9239611551
81.925	0.796759400467
81.95	0.648056657968
81.975	0.484481756147
82.0	0.313228782433
82.025	0.141780050926
82.05	-0.0223820019319
82.075	-0.172062921761
82.1	-0.300633268688
82.125	-0.402283931278
82.15	-0.472249910041
82.175	-0.5069939703
82.2	-0.50434310641
82.225	-0.463572572751
82.25	-0.385434251903
82.275	-0.272128269511
82.3	-0.127218946344
82.325	0.0445016828535
82.35	0.237197539124
82.375	0.44421229966
82.4	0.658324728535
82.425	0.872025725884
82.45	1.07780644897
82.475	1.26844643311
82.5	1.43729064034
82.525	1.57850478937
82.55	1.68729915483
82.575	1.76011223556
82.6	1.79474723402
82.625	1.79045610213
82.65	1.74796792403
82.675	1.66946054521
82.7	1.55847653841
82.725	1.41978673619
82.75	1.25920657429
82.775	1.08337230426
82.8	0.899485675249
82.825	0.715036896966
82.85	0.537516530465
82.875	0.374127378635
82.9	0.231507448548
82.925	0.115474632171
82.95	0.0308029173737
82.975	-0.0189612705619
83.0	-0.0316355388998
83.025	-0.00648556431074
83.05	0.0557465329658
83.075	0.152870568156
83.1	0.281332333683
83.125	0.436350073989
83.15	0.612098148879
83.175	0.801930827357
83.2	0.998637611738
83.225	1.19472028012
83.25	1.38268100065
83.275	1.55531044555
83.3	1.70596483288
83.325	1.82882124939
83.35	1.91910144269
83.375	1.97325548236
83.4	1.98909823218
83.425	1.9658933886
83.45	1.90438185623
83.475	1.8067533695
83.5	1.67656245127
83.525	1.51859193774
83.55	1.33866931451
83.575	1.14344292153
83.6	0.940126627383
83.625	0.736222784691
83.65	0.539234113291
83.675	0.356375583128
83.7	0.194297369004
83.725	0.058829523678
83.75	-0.0452418187199
83.775	-0.114358108771
83.8	-0.146324859306
83.825	-0.140395689822
83.85	-0.0973007081814
83.875	-0.0192181390826
83.9	0.0903097101925
83.925	0.226512917169
83.95	0.383577600121
83.975	0.554869704566
84.0	0.733190320073
84.025	0.911052715497
84.05	1.08097044606
84.075	1.23574546028
84.1	1.36874513464
84.125	1.47415758951
84.15	1.5472154744
84.175	1.58437962231
84.2	1.58347551511
84.225	1.54377731551
84.25	1.46603623591
84.275	1.35245215371
84.3	1.20658956348
84.325	1.03324109571
84.35	0.838243846711
84.375	0.62825557759
84.4	0.410499382617
84.425	0.192486638893
84.45	-0.0182711161484
84.475	-0.214550307331
84.5	-0.389692372379
84.525	-0.537859094049
84.55	-0.654256401828
84.575	-0.735318042971
84.6	-0.778842064852
84.625	-0.784074864049
84.65	-0.751739572559
84.675	-0.684007690623
84.7	-0.58441505668
84.725	-0.457725384021
84.75	-0.30974660872
84.775	-0.147107106865
84.8	0.0229996187092
84.825	0.193091970271
84.85	0.35568835907
84.875	0.503595309216
84.9	0.630184489511
84.925	0.729648026683
84.95	0.797222288125
84.975	0.829371533904
85.0	0.823924380051
85.025	0.780157828536
85.05	0.698825634352
85.075	0.582129919212
85.1	0.433637122356
85.125	0.258141518085
85.15	0.0614815445908
85.175	-0.149683997873
85.2	-0.368131279278
85.225	-0.586348490616
85.25	-0.796823966667
85.275	-0.992334308671
85.3	-1.16622143486
85.325	-1.31264791228
85.35	-1.42682075802
85.375	-1.50517510955
85.4	-1.54551070621
85.425	-1.54707593724
85.45	-1.51059622675
85.475	-1.43824566511
85.5	-1.33356297728
85.525	-1.20131505766
85.55	-1.04731331607
85.575	-0.878189892735
85.6	-0.701142342739
85.625	-0.523656601602
85.65	-0.353218878702
85.675	-0.197027550506
85.7	-0.0617161256805
85.725	0.0469020713842
85.75	0.124057686716
85.775	0.166208992349
85.8	0.171178353351
85.825	0.13823626171
85.85	0.0681297074842
85.875	-0.0369462032736
85.9	-0.173432293322
85.925	-0.336541792163
85.95	-0.520444002515
85.975	-0.718488097313
86.0	-0.923458447004
86.025	-1.12785166523
86.05	-1.3241647263
86.075	-1.50518308252
86.1	-1.66425770914
86.125	-1.79556043053
86.15	-1.89430771563
86.175	-1.95694434239
86.2	-1.98127987322
86.225	-1.96657269687
86.25	-1.91355840719
86.275	-1.8244214281
86.3	-1.70271097555
86.325	-1.55320458573
86.35	-1.38172445443
86.375	-1.19491364531
86.4	-0.999980767497
86.425	-0.804422934253
86.45	-0.615737649428
86.475	-0.441134693621
86.5	-0.287259082166
86.525	-0.159935741466
86.55	-0.0639457155984
86.575	-0.00284250342279
86.6	0.0211844158041
86.625	0.00739362371578
86.65	-0.0434798585676
86.675	-0.129252945037
86.7	-0.246378522089
86.725	-0.390081918914
86.75	-0.554544566414
86.775	-0.733127786617
86.8	-0.918628112384
86.825	-1.10355432548
86.85	-1.28041556649
86.875	-1.44200944443
86.9	-1.58169907424
86.925	-1.69366839528
86.95	-1.77314595924
86.975	-1.81658858701
87.0	-1.82181783663
87.025	-1.78810403766
87.05	-1.71619466245
87.075	-1.60828594375
87.1	-1.46793882923
87.125	-1.29994250239
87.15	-1.11013071463
87.175	-0.9051579863
87.2	-0.692244277127
87.225	-0.478897937814
87.25	-0.272627589446
87.275	-0.0806540027148
87.3	0.0903669509663
87.325	0.234599629915
87.35	0.347252422266
87.375	0.424761415474
87.4	0.464926877203
87.425	0.466997303023
87.45	0.431697801309
87.475	0.361201724839
87.5	0.259046639584
87.525	0.129997860281
87.55	-0.0201352026292
87.575	-0.184722826699
87.6	-0.356570291582
87.625	-0.52819491164
87.65	-0.692114140505
87.675	-0.841133675555
87.7	-0.968624490261
87.725	-1.06877814786
87.75	-1.13683058444
87.775	-1.16924576124
87.8	-1.16385212806
87.825	-1.11992665345
87.85	-1.03822319172
87.875	-0.920944096603
87.9	-0.77165617194
87.925	-0.595154188957
87.95	-0.397277214803
87.975	-0.184684810315
88.0	0.0353983027337
88.025	0.255459292995
88.05	0.467985342948
88.075	0.665751772289
88.1	0.842099089267
88.125	0.991188323396
88.15	1.10822482762
88.175	1.18964194972
88.2	1.23323751491
88.225	1.23825787505
88.25	1.2054262949
88.275	1.13691458487
88.3	1.03625907077
88.325	0.908224130154
88.35	0.758618539843
88.375	0.594071692633
88.4	0.421778283386
88.425	0.249221276442
88.45	0.0838838008785
88.475	-0.0670389543235
88.5	-0.196916773185
88.525	-0.299939727143
88.55	-0.37134195907
88.575	-0.407585336677
88.6	-0.406495917296
88.625	-0.367347979454
88.65	-0.290892391661
88.675	-0.17932822791
88.7	-0.0362187203883
88.725	0.133645220984
88.75	0.324428677621
88.775	0.5294765219
88.8	0.741568747155
88.825	0.953197516082
88.85	1.15685528102
88.875	1.34532290406
88.9	1.51194670491
88.925	1.65089378994
88.95	1.75737585064
88.975	1.82783283095
89.0	1.86006940581
89.025	1.8533390261
89.05	1.80837230041
89.075	1.72734862321
89.1	1.61381213989
89.125	1.47253527818
89.15	1.30933509068
89.175	1.13084946636
89.2	0.944281811366
89.225	0.75712401098
89.25	0.576868319299
89.275	0.410719248703
89.3	0.265316531122
89.325	0.146479797675
89.35	0.0589847885884
89.375	0.00637969361128
89.4	-0.0091513190458
89.425	0.0131278593186
89.45	0.0724769026191
89.475	0.166707427897
89.5	0.292267035925
89.525	0.444375784898
89.55	0.617209852648
89.575	0.804125329337
89.6	0.997913540437
89.625	1.19107808806
89.65	1.37612296408
89.675	1.54584066303
89.7	1.69358922272
89.725	1.81354754594
89.75	1.90093919151
89.775	1.95221603428
89.8	1.96519473616
89.825	1.93914078355
89.85	1.87479686166
89.875	1.77435447507
89.9	1.64136990522
89.925	1.48062773428
89.95	1.29795718003
89.975	1.10000829979
90.0	0.893996663601
90.025	0.687426308596
90.05	0.487801621092
90.075	0.302339218459
90.1	0.137690902833
90.125	-0.000311666795101
90.15	-0.106880772177
90.175	-0.178456302872
90.2	-0.212842234767
90.225	-0.209290675448
90.25	-0.168530246849
90.275	-0.0927377146485
90.3	0.0145460450697
90.325	0.148552512313
90.35	0.303469178249
90.375	0.472663330832
90.4	0.648937370786
90.425	0.824805846007
90.45	0.992783557856
90.475	1.14567366729
90.5	1.2768447288
90.525	1.38048600559
90.55	1.4518312541
90.575	1.48734237765
90.6	1.48484589121
90.625	1.44361695267
90.65	1.36440773111
90.675	1.24941902145
90.7	1.1022161961
90.725	0.927592723187
90.75	0.731386495834
90.775	0.520256030724
90.8	0.301425135963
90.825	0.0824058603037
90.85	-0.12928962977
90.875	-0.326437173026
90.9	-0.5023776645
90.925	-0.651272387956
90.95	-0.768326817904
90.975	-0.849974290919
91.0	-0.894012488249
91.025	-0.89968748513
91.05	-0.867722137198
91.075	-0.800287713494
91.1	-0.700919866554
91.125	-0.574382169183
91.15	-0.426482462477
91.175	-0.263849073108
91.2	-0.0936755000911
91.225	0.0765566170642
91.25	0.239365602259
91.275	0.387557846739
91.3	0.514504841003
91.325	0.61439848816
91.35	0.682474886796
91.375	0.71519798316
91.4	0.710396034645
91.425	0.667345639988
91.45	0.586800106608
91.475	0.47096106458
91.5	0.323394417752
91.525	0.148893861609
91.55	-0.0467027875265
91.575	-0.256737393946
91.6	-0.473986834418
91.625	-0.690940048548
91.65	-0.900086161071
91.675	-1.09420260404
91.7	-1.26663216682
91.725	-1.41153832739
91.75	-1.524129053
91.775	-1.60084046987
91.8	-1.63947334415
91.825	-1.6392771292
91.85	-1.60097834999
91.875	-1.52675223374
91.9	-1.42013867757
91.925	-1.28590578263
91.95	-1.12986619926
91.975	-0.958653341289
92.0	-0.779466069616
92.025	-0.599791657022
92.05	-0.427117680733
92.075	-0.268643914804
92.1	-0.131005294348
92.125	-0.0200165981785
92.15	0.0595513382485
92.175	0.104155279345
92.2	0.111616057362
92.225	0.0812026072306
92.25	0.0136603386925
92.275	-0.0888172447952
92.3	-0.222672589861
92.325	-0.383120570137
92.35	-0.564332151704
92.375	-0.759658189051
92.4	-0.961884751326
92.425	-1.16351016694
92.45	-1.35703314001
92.475	-1.53524086653
92.5	-1.69148607831
92.525	-1.81994236802
92.55	-1.91582798353
92.575	-1.97558949123
92.6	-1.99703825038
92.625	-1.97943445389
92.65	-1.92351550588
92.675	-1.8314676456
92.7	-1.7068419082
92.725	-1.55441765184
92.75	-1.38001889586
92.775	-1.190290528
92.8	-0.992442980728
92.825	-0.793975188902
92.85	-0.602386474994
92.875	-0.424888434155
92.9	-0.26812789105
92.925	-0.137931575072
92.95	-0.0390823258146
92.975	0.0248645709419
93.0	0.0517178587301
93.025	0.040734352795
93.05	-0.00735268020538
93.075	-0.0903618957025
93.1	-0.204747907421
93.125	-0.345737756693
93.15	-0.507514570297
93.175	-0.683441348822
93.2	-0.866316285316
93.225	-1.04864980233
93.25	-1.22295266079
93.275	-1.38202406864
93.3	-1.51922871725
93.325	-1.62875209904
93.35	-1.70582429433
93.375	-1.74690362727
93.4	-1.74981313289
93.425	-1.71382459051
93.45	-1.63968689413
93.475	-1.52959766914
93.5	-1.38711922592
93.525	-1.21704208002
93.55	-1.02520128325
93.575	-0.818252624045
93.6	-0.60341729702
93.625	-0.388204853827
93.65	-0.180125081803
93.675	0.0136001175275
93.7	0.186313778051
93.725	0.332179200198
93.75	0.446403751692
93.775	0.52542253769
93.8	0.567034882285
93.825	0.570488376791
93.85	0.53650726521
93.875	0.467264076371
93.9	0.366295593229
93.925	0.238366388934
93.95	0.089285174229
93.975	-0.0743189858096
94.0	-0.245251985468
94.025	-0.416031710618
94.05	-0.579176142925
94.075	-0.72749146399
94.1	-0.854349087395
94.125	-0.953940972099
94.15	-1.02150340528
94.175	-1.05350065441
94.2	-1.0477614305
94.225	-1.00356291805
94.25	-0.92165914203
94.275	-0.804252581362
94.3	-0.654910119546
94.325	-0.478426561894
94.35	-0.280640964037
94.375	-0.0682128297066
94.4	0.151633221988
94.425	0.371384507855
94.45	0.583528403927
94.475	0.780840468736
94.5	0.956661494492
94.525	1.10515283962
94.55	1.22152023074
94.575	1.30219743379
94.6	1.34498273642
94.625	1.34912299687
94.65	1.31534202994
94.675	1.24581223938
94.7	1.14407058725
94.725	1.01488212992
94.75	0.864056365119
94.775	0.698223448208
94.8	0.524578877804
94.825	0.350606462677
94.85	0.18379021649
94.875	0.0313262524067
94.9	-0.100154250388
94.925	-0.204840361707
94.95	-0.277965185003
94.975	-0.315989511423
95.0	-0.316738285264
95.025	-0.279484636242
95.05	-0.204978248999
95.075	-0.0954169793399
95.1	0.0456371922903
95.125	0.213394640491
95.15	0.402021763164
95.175	0.604864780327
95.2	0.814705063259
95.225	1.02403618205
95.25	1.22535202499
95.275	1.41143491779
95.3	1.57563267054
95.325	1.71211390583
95.35	1.81609185619
95.375	1.88400803058
95.4	1.91366869186
95.425	1.90432890075
95.45	1.85672089665
95.475	1.77302572474
95.5	1.6567892
95.525	1.51278543761
95.55	1.3468331944
95.575	1.16557207927
95.6	0.976207232964
95.625	0.786232288916
95.65	0.603141261847
95.675	0.434140436129
95.7	0.285871325946
95.725	0.16415535382
95.75	0.0737700594071
95.775	0.0182654387905
95.8	-0.000172527709867
95.825	0.0191940853589
95.85	0.07562677217
95.875	0.166938972393
95.9	0.289580110657
95.925	0.438772069108
95.95	0.608692848475
95.975	0.792700359632
96.0	0.983587745434
96.025	1.17386042091
96.05	1.35602418527
96.075	1.52287333365
96.1	1.66776769659
96.125	1.78488796068
96.15	1.86945945843
96.175	1.91793582718
96.2	1.92813547906
96.225	1.89932563728
96.25	1.83225070938
96.275	1.72910390675
96.3	1.59344320099
96.325	1.43005484678
96.35	1.24476971566
96.375	1.04423949898
96.4	0.835681380034
96.425	0.626600987431
96.45	0.424504276175
96.475	0.23660940857
96.5	0.0695697069637
96.525	-0.0707816751151
96.55	-0.179655551486
96.575	-0.253490371303
96.6	-0.290088698468
96.625	-0.288701257894
96.65	-0.250055319011
96.675	-0.176326326011
96.7	-0.0710538653319
96.725	0.0609948000305
96.75	0.214008384805
96.775	0.381355366311
96.8	0.555839299693
96.825	0.729975851606
96.85	0.896280905808
96.875	1.04755866861
96.9	1.17717870217
96.925	1.27933123903
96.95	1.34925096604
96.975	1.38340067744
97.0	1.37960773903
97.025	1.33714811894
97.05	1.25677475538
97.075	1.14068917083
97.1	0.99245742321
97.125	0.816873623678
97.15	0.619776265545
97.175	0.407824422414
97.2	0.188242415728
97.225	-0.0314572363395
97.25	-0.243761942092
97.275	-0.44144715956
97.3	-0.617853447746
97.325	-0.76714179931
97.35	-0.884517442755
97.375	-0.966413513908
97.4	-1.01062753865
97.425	-1.01640548234
97.45	-0.984470136261
97.475	-0.916992750712
97.5	-0.817509005078
97.525	-0.690782544598
97.55	-0.542621328336
97.575	-0.379653846401
97.6	-0.209073806604
97.625	-0.0383631024839
97.65	0.12499629076
97.675	0.273810420386
97.7	0.401450388235
97.725	0.502107664329
97.75	0.571017870012
97.775	0.604644430431
97.8	0.600815038342
97.825	0.558805684667
97.85	0.479369026208
97.875	0.364706000029
97.9	0.218381775007
97.925	0.0451892701542
97.95	-0.149034515698
97.975	-0.357632304836
98.0	-0.57338187199
98.025	-0.78877309414
98.05	-0.996296072214
98.075	-1.18872925267
98.1	-1.35941647686
98.125	-1.50252231167
98.15	-1.61325584948
98.175	-1.68805437722
98.2	-1.7247198565
98.225	-1.72250297026
98.25	-1.68213150632
98.275	-1.60578198726
98.3	-1.49699563727
98.325	-1.3605419154
98.35	-1.20223485994
98.375	-1.02870930182
98.4	-0.847165547313
98.425	-0.665092341913
98.45	-0.489978762014
98.475	-0.329026106346
98.5	-0.188870859247
98.525	-0.0753293723398
98.55	0.00682592350824
98.575	0.0540501756937
98.6	0.0641625788579
98.625	0.0364304107539
98.65	-0.0284025945918
98.675	-0.128144626923
98.7	-0.259239842499
98.725	-0.416904839941
98.75	-0.595312324607
98.775	-0.787814903453
98.8	-0.987200410196
98.825	-1.18596894882
98.85	-1.37662100888
98.875	-1.55194558063
98.9	-1.70529719772
98.925	-1.83085126125
98.95	-1.92382783286
98.975	-1.98067529703
99.0	-1.99920683419
99.025	-1.9786844604
99.05	-1.91984740382
99.075	-1.82488372742
99.1	-1.69734628863
99.125	-1.54201626533
99.15	-1.36471949289
99.175	-1.17210267017
99.2	-0.971378034877
99.225	-0.77004631993
99.25	-0.575608637666
99.275	-0.395278363746
99.3	-0.235704092892
99.325	-0.102714312983
99.35	-0.00109360943621
99.375	0.065600999898
99.4	0.0951765413218
99.425	0.0868881287605
99.45	0.0414673445262
99.475	-0.0389061331312
99.5	-0.150688565187
99.525	-0.289108620124
99.55	-0.448351030762
99.575	-0.621780381606
99.6	-0.802196426517
99.625	-0.982111124775
99.65	-1.15403674898
99.675	-1.31077399278
99.7	-1.44568900632
99.725	-1.55296871297
99.75	-1.62784459525
99.775	-1.66677634997
99.8	-1.66758835431
99.825	-1.62955369846
99.85	-1.55342255517
99.875	-1.44139379567
99.9	-1.2970309425
99.925	-1.12512568889
99.95	-0.931514229162
99.975	-0.72285345836
